0.0024851, -0.0156111, -0.0125044, 0.0674952, 0.0613592, -0.0306796 
0.0024851, -0.0156111, -0.0125044, 0.0674952, 0.0613592, -0.0306796 
0.0025158, -0.0150864, -0.0126390, 0.0552233, 0.0613592, -0.0368155 
0.0007091, -0.0127541, -0.0125198, 0.0552233, 0.0613592, -0.0368155 
-0.0027276, -0.0075149, -0.0124739, 0.0552233, 0.0613592, -0.0368155 
-0.0027276, -0.0075149, -0.0124739, 0.0613592, 0.0613592, -0.0306796 
-0.0028069, -0.0074118, -0.0120002, 0.0613592, 0.0613592, -0.0306796 
-0.0016320, -0.0099704, -0.0122629, 0.0736311, 0.0613592, -0.0306796 
-0.0016320, -0.0099704, -0.0122629, 0.0736311, 0.0613592, -0.0306796 
-0.0016174, -0.0070777, -0.0134881, 0.0613592, 0.0613592, -0.0368155 
-0.0001408, -0.0082963, -0.0146812, 0.0613592, 0.0797670, -0.0306796 
0.0007926, -0.0081384, -0.0151573, 0.0613592, 0.0797670, -0.0306796 
0.0070483, -0.0161757, -0.0164171, 0.0613592, 0.0797670, -0.0306796 
0.0054033, -0.0139861, -0.0160568, 0.0613592, 0.0674952, -0.0306796 
0.0054897, -0.0137170, -0.0165341, 0.0613592, -0.0736311, -0.0306796 
0.0054897, -0.0137170, -0.0165341, 0.0613592, -0.0736311, -0.0306796 
0.0037846, -0.0105730, -0.0164438, 0.0613592, -0.0736311, -0.0306796 
0.0055019, -0.0130529, -0.0160965, 0.0674952, 0.0552233, -0.0306796 
0.0055019, -0.0130529, -0.0160965, 0.0674952, 0.0552233, -0.0306796 
0.0053674, -0.0125436, -0.0152138, 0.0613592, 0.0552233, -0.0306796 
0.0009938, -0.0057576, -0.0148857, 0.0613592, 0.0552233, -0.0306796 
0.0009938, -0.0057576, -0.0148857, 0.0613592, 0.0552233, -0.0306796 
0.0002826, -0.0049472, -0.0143476, 0.0613592, 0.0552233, -0.0368155 
0.0002826, -0.0049472, -0.0143476, 0.0613592, 0.0552233, -0.0368155 
0.0002826, -0.0049472, -0.0143476, 0.0613592, 0.0552233, -0.0368155 
-0.0004917, -0.0049271, -0.0135277, 0.0613592, 0.0674952, -0.0368155 
-0.0004917, -0.0049271, -0.0135277, 0.0920388, 0.0674952, -0.0306796 
-0.0016147, -0.0042006, -0.0135074, 0.0920388, 0.0674952, -0.0306796 
-0.0013303, -0.0046970, -0.0135583, 0.0429515, 0.0674952, -0.0306796 
-0.0012959, -0.0054523, -0.0133047, 0.0368155, 0.0613592, -0.1227185 
-0.0012959, -0.0054523, -0.0133047, 0.0368155, 0.0613592, -0.0368155 
-0.0007269, -0.0054807, -0.0136393, 0.0368155, 0.0613592, -0.0368155 
-0.0007269, -0.0054807, -0.0136393, 0.0368155, 0.0613592, -0.0306796 
0.0024579, -0.0101962, -0.0139555, 0.0368155, 0.0613592, -0.0306796 
0.0045065, -0.0137596, -0.0143165, 0.0368155, 0.0613592, -0.0306796 
0.0034973, -0.0119764, -0.0147106, 0.0368155, 0.0613592, -0.0306796 
0.0034973, -0.0119764, -0.0147106, 0.0368155, 0.0552233, -0.0368155 
0.0037687, -0.0126371, -0.0144712, 0.0368155, 0.0552233, -0.0306796 
0.0044266, -0.0135420, -0.0142332, 0.0368155, 0.0552233, -0.0306796 
0.0044266, -0.0135420, -0.0142332, 0.0368155, 0.0552233, -0.0306796 
0.0056849, -0.0147228, -0.0149165, 0.0368155, 0.0552233, -0.0306796 
0.0056849, -0.0147228, -0.0149165, 0.0368155, 0.0552233, -0.0306796 
0.0052063, -0.0139018, -0.0146704, 0.0306796, 0.0552233, -0.0368155 
0.0058258, -0.0153932, -0.0146240, 0.0368155, 0.0552233, -0.0306796 
0.0058258, -0.0153932, -0.0146240, 0.0368155, 0.0797670, -0.0306796 
0.0052319, -0.0149313, -0.0144960, 0.0368155, 0.0797670, -0.0306796 
0.0041760, -0.0132861, -0.0141365, 0.0368155, 0.0797670, -0.0306796 
0.0042204, -0.0135599, -0.0141992, 0.0306796, 0.0490874, -0.0306796 
0.0036828, -0.0128061, -0.0142910, 0.0306796, 0.0490874, -0.0306796 
0.0039227, -0.0136283, -0.0139137, 0.0368155, 0.0490874, -0.0306796 
0.0050320, -0.0138674, -0.0141289, 0.0368155, 0.0552233, -0.0368155 
0.0050320, -0.0138674, -0.0141289, 0.0368155, 0.0552233, -0.0368155 
0.0060916, -0.0154367, -0.0140343, 0.0368155, 0.0490874, -0.0368155 
0.0060916, -0.0154367, -0.0140343, 0.0368155, 0.0490874, -0.0368155 
0.0065472, -0.0157114, -0.0146622, 0.0368155, 0.0490874, -0.0245437 
0.0062554, -0.0155768, -0.0150989, 0.0368155, 0.0552233, -0.0368155 
0.0062554, -0.0155768, -0.0150989, 0.0368155, 0.0552233, -0.0368155 
0.0062554, -0.0155768, -0.0150989, 0.0368155, 0.0552233, -0.0306796 
0.0046743, -0.0127342, -0.0149975, 0.0368155, 0.0552233, -0.0306796 
0.0043045, -0.0124863, -0.0148623, 0.0429515, 0.0490874, -0.0368155 
0.0043045, -0.0124863, -0.0148623, 0.0429515, 0.0490874, -0.0368155 
0.0048252, -0.0136421, -0.0144269, 0.0368155, 0.0552233, -0.0368155 
0.0048252, -0.0136421, -0.0144269, 0.0368155, 0.0552233, -0.0368155 
0.0042683, -0.0124903, -0.0146358, 0.0368155, 0.0552233, -0.0368155 
0.0041414, -0.0127319, -0.0143981, 0.0368155, 0.0552233, -0.0306796 
0.0039942, -0.0129548, -0.0138965, 0.0368155, 0.0552233, -0.0306796 
0.0040302, -0.0124268, -0.0145354, 0.0368155, 0.0552233, -0.0306796 
0.0035263, -0.0126181, -0.0142730, 0.0368155, 0.0490874, -0.0368155 
0.0031566, -0.0128048, -0.0144495, 0.0368155, 0.0552233, -0.0429515 
0.0031566, -0.0128048, -0.0144495, 0.0368155, 0.0552233, -0.0429515 
0.0036240, -0.0131987, -0.0150432, 0.0368155, 0.0613592, -0.0306796 
0.0036240, -0.0131987, -0.0150432, 0.0368155, 0.0490874, -0.0306796 
0.0036240, -0.0131987, -0.0150432, 0.0368155, 0.0490874, -0.0306796 
0.0039904, -0.0132077, -0.0147270, 0.0368155, 0.0490874, -0.0306796 
0.0040184, -0.0129588, -0.0144859, 0.0368155, 0.0490874, -0.0306796 
0.0043718, -0.0129895, -0.0144392, 0.0368155, 0.0490874, -0.0368155 
0.0041858, -0.0122761, -0.0144650, 0.0368155, 0.0490874, -0.0368155 
0.0043207, -0.0131699, -0.0142072, 0.0368155, 0.0490874, -0.0306796 
0.0047875, -0.0131020, -0.0144971, 0.0368155, 0.0490874, -0.0306796 
0.0045983, -0.0127254, -0.0144411, 0.0368155, 0.0490874, -0.0306796 
0.0045983, -0.0127254, -0.0144411, 0.0368155, 0.0490874, -0.0306796 
0.0046444, -0.0127190, -0.0145583, 0.0368155, 0.0490874, -0.0306796 
0.0051773, -0.0131279, -0.0143774, 0.0368155, 0.0490874, -0.0306796 
0.0051773, -0.0131279, -0.0143774, 0.0429515, 0.0490874, -0.0306796 
0.0043692, -0.0119693, -0.0148559, 0.0429515, 0.0490874, -0.0306796 
0.0043692, -0.0119693, -0.0148559, 0.0429515, 0.0490874, -0.0306796 
0.0051289, -0.0129368, -0.0147738, 0.0368155, 0.0490874, -0.0368155 
0.0051289, -0.0129368, -0.0147738, 0.0368155, 0.0490874, -0.0306796 
0.0065531, -0.0154527, -0.0148844, 0.0368155, 0.0490874, -0.0306796 
0.0065531, -0.0154527, -0.0148844, 0.0368155, 0.0490874, -0.0306796 
0.0065963, -0.0154799, -0.0154308, 0.0368155, 0.0429515, -0.0306796 
0.0055971, -0.0157555, -0.0157609, 0.0368155, 0.0490874, -0.0306796 
0.0062071, -0.0161568, -0.0162835, 0.0368155, 0.0490874, -0.0306796 
0.0062285, -0.0161080, -0.0165749, 0.0368155, 0.0490874, -0.0306796 
0.0068222, -0.0165627, -0.0176229, 0.0368155, 0.0490874, -0.0306796 
0.0062142, -0.0169753, -0.0172170, 0.0368155, 0.0490874, -0.0245437 
0.0062142, -0.0169753, -0.0172170, 0.0368155, 0.0490874, -0.0245437 
0.0055731, -0.0169891, -0.0168574, 0.0368155, -0.0429515, -0.0368155 
0.0056648, -0.0170917, -0.0171390, 0.0368155, 0.0490874, -0.0306796 
0.0055701, -0.0169036, -0.0175028, 0.0368155, 0.0490874, -0.0306796 
0.0048252, -0.0170570, -0.0174442, 0.0368155, 0.0490874, -0.0306796 
0.0045506, -0.0202675, -0.0167963, 0.0368155, 0.0490874, -0.0306796 
0.0045506, -0.0202675, -0.0167963, 0.0368155, 0.0490874, -0.0306796 
0.0045506, -0.0202675, -0.0167963, 0.0368155, 0.0490874, -0.0306796 
0.0057995, -0.0271419, -0.0170493, 0.0368155, 0.0490874, -0.0306796 
0.0057600, -0.0279829, -0.0165876, 0.0368155, 0.0552233, -0.0306796 
0.0053740, -0.0295208, -0.0150457, 0.0368155, 0.0552233, -0.0306796 
0.0053740, -0.0295208, -0.0150457, 0.0368155, 0.0552233, -0.0306796 
0.0042100, -0.0340686, -0.0142818, 0.0368155, 0.0429515, -0.0306796 
0.0042100, -0.0340686, -0.0142818, 0.0368155, 0.0429515, -0.0306796 
0.0052943, -0.0392885, -0.0148567, 0.0368155, 0.2024855, -0.0306796 
0.0020327, -0.0423526, -0.0142786, 0.0368155, 0.0920388, -0.0306796 
0.0020327, -0.0423526, -0.0142786, 0.0368155, 0.0245437, -0.0306796 
0.0037735, -0.0488844, -0.0143774, 0.0368155, 0.0245437, -0.0306796 
0.0035207, -0.0510770, -0.0145308, 0.0368155, 0.0306796, -0.0306796 
0.0035207, -0.0510770, -0.0145308, 0.0368155, 0.0306796, -0.0306796 
0.0027880, -0.0552567, -0.0155786, 0.0368155, 0.0306796, -0.0306796 
0.0027725, -0.0664425, -0.0143717, 0.0368155, 0.0184078, -0.0306796 
0.0027358, -0.0689016, -0.0156529, 0.0368155, 0.0184078, -0.0306796 
0.0027358, -0.0689016, -0.0156529, 0.0368155, 0.0061359, -0.0306796 
0.0029358, -0.0755692, -0.0155019, 0.0368155, 0.0061359, -0.0306796 
0.0048455, -0.0876326, -0.0164485, 0.0368155, -0.0061359, -0.0306796 
0.0048455, -0.0876326, -0.0164485, 0.0368155, -0.0061359, -0.0306796 
0.0048440, -0.1022325, -0.0156971, 0.0368155, -0.0061359, -0.0368155 
0.0048440, -0.1022325, -0.0156971, 0.0368155, -0.0061359, -0.0368155 
0.0040027, -0.1099827, -0.0147607, 0.0368155, -0.0184078, -0.0306796 
0.0065521, -0.1317278, -0.0130198, 0.0368155, -0.0184078, -0.0306796 
0.0065521, -0.1317278, -0.0130198, 0.0368155, -0.0245437, -0.0368155 
0.0045272, -0.1448134, -0.0089415, 0.0368155, -0.0245437, -0.0368155 
0.0045272, -0.1448134, -0.0089415, 0.0368155, -0.0674952, -0.0306796 
0.0051483, -0.1514048, -0.0085221, 0.0368155, -0.0674952, -0.0306796 
-0.0038388, -0.1530229, -0.0056211, 0.0368155, -0.0797670, -0.0306796 
-0.0029751, -0.1682540, -0.0046365, 0.0368155, -0.0797670, -0.0306796 
-0.0029751, -0.1682540, -0.0046365, 0.0368155, -0.0859029, -0.0306796 
-0.0029751, -0.1682540, -0.0046365, 0.0368155, -0.0859029, -0.0306796 
-0.0010358, -0.2009597, -0.0005740, 0.0368155, -0.0859029, -0.0306796 
-0.0050506, -0.2001808, -0.0001831, 0.0429515, -0.1043107, -0.0306796 
-0.0069556, -0.2066017, 0.0007444, 0.0429515, -0.1043107, -0.0306796 
-0.0069556, -0.2066017, 0.0007444, 0.0368155, -0.1227185, -0.0306796 
-0.0073672, -0.2139997, 0.0008777, 0.0368155, -0.1227185, -0.0306796 
-0.0071445, -0.2235499, 0.0022568, 0.0429515, -0.1411262, -0.0306796 
-0.0054635, -0.2451057, 0.0030105, 0.0429515, -0.1227185, -0.0306796 
-0.0054635, -0.2451057, 0.0030105, 0.0429515, -0.1227185, -0.0306796 
-0.0099573, -0.2523069, 0.0032319, 0.0429515, -0.1656699, -0.0306796 
-0.0099573, -0.2523069, 0.0032319, 0.0429515, -0.1779418, -0.0306796 
-0.0099929, -0.2732586, 0.0058468, 0.0429515, -0.1779418, -0.0306796 
-0.0099929, -0.2732586, 0.0058468, 0.0429515, -0.1779418, -0.0306796 
-0.0157708, -0.2814117, 0.0026180, 0.0429515, -0.1840777, -0.0306796 
-0.0157708, -0.2814117, 0.0026180, 0.0429515, -0.2024855, -0.0306796 
-0.0157708, -0.2814117, 0.0026180, 0.0429515, -0.2024855, -0.0306796 
-0.0145801, -0.3025598, 0.0074536, 0.0429515, -0.2086214, -0.0306796 
-0.0176255, -0.3068093, 0.0064888, 0.0429515, -0.2086214, -0.0306796 
-0.0152107, -0.3149537, 0.0076009, 0.0429515, -0.2208932, -0.0306796 
-0.0200009, -0.3242453, 0.0054623, 0.0429515, -0.2208932, -0.0306796 
-0.0195475, -0.3312328, 0.0076100, 0.0429515, -0.2393010, -0.0306796 
-0.0195475, -0.3312328, 0.0076100, 0.0429515, -0.2393010, -0.0306796 
-0.0191796, -0.3440331, 0.0095698, 0.0490874, -0.2638447, -0.0306796 
-0.0230154, -0.3449998, 0.0092166, 0.0490874, -0.2638447, -0.0306796 
-0.0230154, -0.3449998, 0.0092166, 0.0245437, -0.2699806, -0.0306796 
-0.0232991, -0.3508404, 0.0099407, 0.0245437, -0.2699806, -0.0306796 
-0.0238154, -0.3541982, 0.0117017, 0.0920388, -0.2822525, -0.0306796 
-0.0237930, -0.3597060, 0.0117477, 0.0920388, -0.2822525, -0.0306796 
-0.0237930, -0.3597060, 0.0117477, 0.0306796, -0.2822525, -0.0306796 
-0.0237930, -0.3597060, 0.0117477, 0.0306796, -0.2822525, -0.0306796 
-0.0273815, -0.3678537, 0.0135067, 0.0306796, -0.2822525, -0.0368155 
-0.0273815, -0.3678537, 0.0135067, 0.0306796, -0.2822525, -0.0368155 
-0.0250315, -0.3828296, 0.0192316, 0.0306796, -0.3006602, -0.0306796 
-0.0275360, -0.3836654, 0.0181960, 0.0306796, -0.3006602, -0.0306796 
-0.0297571, -0.3828400, 0.0177367, 0.0306796, -0.3006602, -0.0306796 
-0.0304568, -0.3868996, 0.0184658, 0.0306796, -0.3006602, -0.0306796 
-0.0330050, -0.3944623, 0.0209577, 0.0306796, -0.3129321, -0.0306796 
-0.0327818, -0.4015905, 0.0246355, 0.0306796, -0.3129321, -0.0306796 
-0.0327818, -0.4015905, 0.0246355, 0.0306796, -0.3129321, -0.0306796 
-0.0377009, -0.4056574, 0.0240434, 0.0306796, -0.3190680, -0.0306796 
-0.0392630, -0.4078251, 0.0249415, 0.0306796, -0.3190680, -0.0306796 
-0.0406889, -0.4085490, 0.0234295, 0.0306796, -0.3190680, -0.0306796 
-0.0406889, -0.4085490, 0.0234295, 0.0306796, -0.3497476, -0.0306796 
-0.0394504, -0.4213147, 0.0296304, 0.0306796, -0.3313398, -0.0306796 
-0.0394504, -0.4213147, 0.0296304, 0.0306796, -0.3374758, -0.0306796 
-0.0431879, -0.4304807, 0.0340550, 0.0306796, -0.3374758, -0.0306796 
-0.0431879, -0.4304807, 0.0340550, 0.0306796, -0.3374758, -0.0306796 
-0.0443823, -0.4359650, 0.0350009, 0.0306796, -0.3558835, -0.0306796 
-0.0443823, -0.4359650, 0.0350009, 0.0306796, -0.3558835, -0.0306796 
-0.0443357, -0.4372252, 0.0350110, 0.0490874, -0.3742913, -0.0306796 
-0.0444704, -0.4390872, 0.0359743, 0.0490874, -0.3742913, -0.0306796 
-0.0453124, -0.4392887, 0.0362705, 0.0306796, -0.3681554, -0.0306796 
-0.0453124, -0.4392887, 0.0362705, 0.0306796, -0.3681554, -0.0306796 
-0.0459492, -0.4388037, 0.0357187, 0.0306796, -0.3681554, -0.0306796 
-0.0467141, -0.4370540, 0.0345006, 0.0306796, -0.3742913, -0.0306796 
-0.0468167, -0.4364245, 0.0345726, 0.0306796, -0.3742913, -0.0245437 
-0.0468167, -0.4364245, 0.0345726, 0.0306796, -0.3681554, -0.0245437 
-0.0474758, -0.4349711, 0.0338766, 0.0306796, -0.3681554, -0.0245437 
-0.0474758, -0.4349711, 0.0338766, 0.0306796, -0.3742913, -0.0245437 
-0.0475175, -0.4351163, 0.0336142, 0.0306796, -0.3742913, -0.0245437 
-0.0475175, -0.4351163, 0.0336142, 0.0306796, -0.3742913, -0.0245437 
-0.0484748, -0.4333149, 0.0332261, 0.0306796, -0.3742913, -0.0306796 
-0.0484748, -0.4333149, 0.0332261, 0.0368155, -0.3742913, -0.0306796 
-0.0482453, -0.4436594, 0.0392955, 0.0368155, -0.3742913, -0.0306796 
-0.0485005, -0.4445620, 0.0396244, 0.0368155, -0.3742913, -0.0245437 
-0.0500621, -0.4319574, 0.0323687, 0.0306796, -0.3681554, -0.0306796 
-0.0500621, -0.4319574, 0.0323687, 0.0306796, -0.3681554, -0.0306796 
-0.0493368, -0.4432029, 0.0391534, 0.0306796, -0.3742913, -0.0245437 
-0.0509253, -0.4312991, 0.0315589, 0.0306796, -0.3742913, -0.0245437 
-0.0509253, -0.4312991, 0.0315589, 0.0122718, -0.3742913, -0.0368155 
-0.0511875, -0.4322234, 0.0318493, 0.0368155, -0.3742913, -0.0306796 
-0.0511875, -0.4322234, 0.0318493, 0.0368155, -0.3742913, -0.0306796 
-0.0501991, -0.4343307, 0.0324654, 0.0306796, -0.3742913, -0.0184078 
-0.0497955, -0.4358494, 0.0327234, 0.0306796, -0.3742913, -0.0184078 
-0.0497955, -0.4358494, 0.0327234, 0.0306796, -0.3742913, -0.0184078 
-0.0501473, -0.4367054, 0.0326931, 0.0122718, -0.3742913, -0.0184078 
-0.0501473, -0.4367054, 0.0326931, 0.0122718, -0.3742913, -0.0184078 
-0.0501473, -0.4367054, 0.0326931, 0.0122718, -0.3742913, -0.0184078 
-0.0488991, -0.4369707, 0.0325282, 0.0122718, -0.3742913, -0.0184078 
-0.0487208, -0.4366901, 0.0327213, 0.0306796, -0.3558835, -0.0245437 
-0.0487208, -0.4366901, 0.0327213, 0.0306796, -0.3558835, -0.0245437 
-0.0483700, -0.4369126, 0.0326660, 0.0429515, -0.3804272, -0.0122718 
-0.0480704, -0.4370838, 0.0324356, 0.0429515, -0.3804272, -0.0122718 
-0.0478030, -0.4365950, 0.0320095, 0.0306796, -0.3865632, -0.0184078 
-0.0475648, -0.4354013, 0.0309817, 0.0306796, -0.3865632, -0.0184078 
-0.0475197, -0.4345627, 0.0303334, 0.0245437, -0.3742913, -0.0184078 
-0.0475197, -0.4345627, 0.0303334, 0.0245437, -0.3742913, -0.0184078 
-0.0468917, -0.4350511, 0.0301510, 0.0245437, -0.3742913, -0.0184078 
-0.0468917, -0.4350511, 0.0301510, 0.0368155, -0.3865632, -0.0184078 
-0.0459141, -0.4347301, 0.0296138, 0.0306796, -0.3681554, -0.0184078 
-0.0456264, -0.4326311, 0.0288349, 0.0306796, -0.3681554, -0.0184078 
-0.0459968, -0.4267290, 0.0256453, 0.0306796, -0.3681554, -0.0184078 
-0.0446875, -0.4349531, 0.0301923, 0.0306796, -0.3681554, -0.0184078 
-0.0446875, -0.4349531, 0.0301923, 0.0184078, -0.3742913, -0.0184078 
-0.0450100, -0.4288581, 0.0269395, 0.0306796, -0.3620195, -0.0184078 
-0.0450100, -0.4288581, 0.0269395, 0.0306796, -0.3620195, -0.0184078 
-0.0457880, -0.4235307, 0.0243732, 0.0306796, -0.3681554, -0.0184078 
-0.0448346, -0.4220608, 0.0231767, 0.0306796, -0.3558835, -0.0122718 
-0.0436253, -0.4217534, 0.0231030, 0.0306796, -0.3558835, -0.0122718 
-0.0426692, -0.4205875, 0.0232008, 0.0306796, -0.3558835, -0.0122718 
-0.0426692, -0.4205875, 0.0232008, 0.0306796, -0.3497476, -0.0122718 
-0.0420202, -0.4170718, 0.0233469, 0.0306796, -0.3497476, -0.0184078 
-0.0420202, -0.4170718, 0.0233469, 0.0306796, -0.3497476, -0.0184078 
-0.0427143, -0.4151286, 0.0235655, 0.0306796, -0.3558835, -0.0122718 
-0.0418278, -0.4125051, 0.0226318, 0.0674952, -0.3558835, -0.0122718 
-0.0418278, -0.4125051, 0.0226318, 0.0674952, -0.3558835, -0.0122718 
-0.0424279, -0.4083276, 0.0208090, 0.0674952, -0.3558835, -0.0122718 
-0.0424279, -0.4083276, 0.0208090, 0.0245437, -0.3558835, -0.0122718 
-0.0424279, -0.4083276, 0.0208090, 0.0245437, -0.3558835, -0.0122718 
-0.0422765, -0.4033741, 0.0186723, 0.0245437, -0.3374758, -0.0122718 
-0.0425063, -0.4012123, 0.0177483, 0.0245437, -0.3374758, -0.0122718 
-0.0425063, -0.4012123, 0.0177483, 0.0245437, -0.3374758, -0.0122718 
-0.0414585, -0.4003867, 0.0180672, 0.0122718, -0.3252039, -0.0184078 
-0.0414585, -0.4003867, 0.0180672, 0.0122718, -0.3252039, -0.0184078 
-0.0397085, -0.3961694, 0.0172482, 0.0245437, -0.3374758, -0.0184078 
-0.0397085, -0.3961694, 0.0172482, 0.0245437, -0.3374758, -0.0184078 
-0.0392274, -0.3933305, 0.0170972, 0.0184078, -0.4663302, -0.0122718 
-0.0382540, -0.3910912, 0.0172709, 0.0245437, -0.3313398, -0.0122718 
-0.0361659, -0.3907495, 0.0179740, 0.0245437, -0.3313398, -0.0122718 
-0.0361659, -0.3907495, 0.0179740, 0.0000000, -0.3190680, -0.0184078 
-0.0353259, -0.3753676, 0.0131711, 0.0000000, -0.3190680, -0.0184078 
-0.0353259, -0.3753676, 0.0131711, 0.0245437, -0.3190680, -0.0184078 
-0.0353259, -0.3753676, 0.0131711, 0.0245437, -0.3190680, -0.0184078 
-0.0310254, -0.3647025, 0.0140264, 0.0184078, -0.3374758, -0.0184078 
-0.0310254, -0.3647025, 0.0140264, 0.0184078, -0.3374758, -0.0184078 
-0.0279972, -0.3500300, 0.0118025, 0.0245437, -0.3190680, -0.0184078 
-0.0256110, -0.3433922, 0.0105101, 0.0245437, -0.3190680, -0.0184078 
-0.0240285, -0.3353505, 0.0107405, 0.0245437, -0.3006602, -0.0122718 
-0.0229601, -0.3197443, 0.0067672, 0.0245437, -0.3006602, -0.0122718 
-0.0222448, -0.3117509, 0.0068184, 0.0245437, -0.2699806, -0.0184078 
-0.0222448, -0.3117509, 0.0068184, 0.0245437, -0.2699806, -0.0184078 
-0.0224866, -0.2969860, 0.0084117, 0.0245437, -0.2699806, -0.0184078 
-0.0230722, -0.2897294, 0.0079300, 0.0245437, -0.2638447, -0.0122718 
-0.0230722, -0.2897294, 0.0079300, 0.0245437, -0.2454369, -0.0122718 
-0.0216410, -0.2815241, 0.0067330, 0.0245437, -0.2454369, -0.0122718 
-0.0180867, -0.2762186, 0.0064800, 0.0245437, -0.2454369, -0.0122718 
-0.0180867, -0.2762186, 0.0064800, 0.0245437, -0.2147573, -0.0122718 
-0.0188878, -0.2594692, 0.0055854, 0.0245437, -0.2147573, -0.0122718 
-0.0188878, -0.2594692, 0.0055854, 0.0245437, -0.2147573, -0.0184078 
-0.0200823, -0.2384492, 0.0042192, 0.0245437, -0.2147573, -0.0184078 
-0.0144451, -0.2358560, 0.0040538, 0.0245437, -0.2147573, -0.0184078 
-0.0106522, -0.2280026, 0.0028275, 0.0245437, -0.2024855, -0.0122718 
-0.0134507, -0.2173703, 0.0021105, 0.0245437, -0.1902136, -0.0184078 
-0.0134507, -0.2173703, 0.0021105, 0.0245437, -0.1902136, -0.0184078 
-0.0112529, -0.2043635, 0.0003355, 0.0184078, -0.1472622, -0.0122718 
-0.0114051, -0.1911251, 0.0001079, 0.0184078, -0.1472622, -0.0122718 
-0.0066495, -0.1646610, -0.0033960, 0.0245437, -0.1472622, -0.0184078 
-0.0066495, -0.1646610, -0.0033960, 0.0245437, -0.1349903, -0.0122718 
-0.0074730, -0.1507121, -0.0043902, 0.0245437, -0.1349903, -0.0122718 
-0.0068738, -0.1412445, -0.0041033, 0.0122718, -0.1165825, -0.0122718 
-0.0010466, -0.1293653, -0.0041717, 0.0245437, -0.1472622, -0.0122718 
-0.0014738, -0.1215908, -0.0052212, 0.0245437, -0.1472622, -0.0122718 
-0.0026230, -0.0998098, -0.0051392, 0.0245437, -0.1472622, -0.0122718 
-0.0026230, -0.0998098, -0.0051392, 0.0245437, -0.1472622, -0.0122718 
-0.0026230, -0.0998098, -0.0051392, 0.0184078, -0.0552233, -0.0122718 
-0.0044285, -0.0519907, -0.0047211, 0.0245437, -0.0490874, -0.0122718 
-0.0044285, -0.0519907, -0.0047211, 0.0245437, -0.0429515, -0.0122718 
-0.0026277, -0.0398718, -0.0043289, 0.0245437, -0.0429515, -0.0122718 
0.0073112, -0.0294693, -0.0060747, 0.0245437, -0.0429515, -0.0122718 
0.0085665, -0.0114054, -0.0066051, 0.0245437, -0.0245437, -0.0122718 
0.0085665, -0.0114054, -0.0066051, 0.0245437, -0.0245437, -0.0122718 
0.0119621, 0.0022913, -0.0055201, 0.0184078, 0.0122718, -0.0122718 
0.0152992, 0.0312360, -0.0065397, 0.0184078, 0.0552233, -0.0061359 
0.0152992, 0.0312360, -0.0065397, 0.0184078, 0.0552233, -0.0061359 
0.0182429, 0.0544469, -0.0070293, 0.0184078, 0.0736311, -0.0061359 
0.0182429, 0.0544469, -0.0070293, 0.0184078, 0.0736311, -0.0061359 
0.0193185, 0.0559079, -0.0060081, 0.0184078, 0.1043107, -0.0061359 
0.0211477, 0.0757271, -0.0085036, 0.0184078, 0.1227185, -0.0061359 
0.0248628, 0.0997147, -0.0112473, 0.0122718, 0.1227185, -0.0061359 
0.0248628, 0.0997147, -0.0112473, 0.0122718, 0.1227185, -0.0061359 
0.0275715, 0.1179088, -0.0111500, 0.0184078, 0.1411262, -0.0061359 
0.0275715, 0.1179088, -0.0111500, 0.0184078, 0.1411262, -0.0061359 
0.0306382, 0.1247952, -0.0126813, 0.0184078, 0.1411262, -0.0061359 
0.0316200, 0.1416787, -0.0180698, 0.0122718, 0.1779418, -0.0061359 
0.0193533, 0.1684713, -0.0126072, 0.0122718, 0.1779418, -0.0061359 
0.0221104, 0.1798722, -0.0123085, 0.0122718, 0.1963495, -0.0061359 
0.0221104, 0.1798722, -0.0123085, 0.0122718, 0.1963495, -0.0061359 
0.0211108, 0.1964417, -0.0131460, 0.0122718, 0.1963495, -0.0061359 
0.0239310, 0.2077539, -0.0142272, 0.0122718, 0.2331651, 0.0000000 
0.0082846, 0.2741131, -0.0080123, 0.0122718, 0.2331651, 0.0000000 
0.0082846, 0.2741131, -0.0080123, 0.0000000, 0.3190680, 0.0000000 
0.0082846, 0.2741131, -0.0080123, 0.0000000, 0.3190680, 0.0000000 
0.0058165, 0.3094335, -0.0101142, 0.0000000, 0.3190680, 0.0000000 
0.0058165, 0.3094335, -0.0101142, 0.0000000, 0.3497476, 0.0000000 
0.0033385, 0.3278340, -0.0087357, 0.0000000, 0.3497476, 0.0000000 
0.0020824, 0.3544866, -0.0102664, 0.0000000, 0.3681554, 0.0000000 
-0.0019739, 0.3750386, -0.0104420, -0.0122718, 0.4111069, 0.0000000 
-0.0019739, 0.3750386, -0.0104420, -0.0122718, 0.4172428, 0.0000000 
-0.0033902, 0.3872670, -0.0100332, -0.0122718, 0.4172428, 0.0000000 
-0.0456763, 0.4836774, 0.0261414, -0.0184078, 0.4356506, 0.0000000 
-0.0456763, 0.4836774, 0.0261414, -0.0184078, 0.4356506, 0.0000000 
-0.0099729, 0.4398362, -0.0021704, -0.0184078, 0.4356506, 0.0000000 
-0.0099729, 0.4398362, -0.0021704, -0.0245437, 0.4847379, 0.0000000 
-0.0037016, 0.4391212, -0.0051081, -0.0245437, 0.4847379, 0.0000000 
-0.0046789, 0.4519145, -0.0076429, -0.0245437, 0.5338253, 0.0000000 
0.0066064, 0.4297546, -0.0213784, -0.0245437, 0.5031457, 0.0000000 
-0.0133161, 0.4721505, -0.0104162, -0.0245437, 0.5031457, 0.0000000 
-0.0133161, 0.4721505, -0.0104162, -0.0245437, 0.5031457, 0.0000000 
0.0145599, 0.4234076, -0.0348958, -0.0245437, 0.5031457, 0.0061359 
0.0145599, 0.4234076, -0.0348958, -0.0245437, 0.5031457, 0.0061359 
0.0303012, 0.4047353, -0.0480678, -0.0306796, 0.5031457, 0.0061359 
0.0300624, 0.4202872, -0.0531869, -0.0306796, 0.5031457, 0.0061359 
0.0214304, 0.4400765, -0.0495641, -0.0368155, 0.4663302, 0.0122718 
0.0214304, 0.4400765, -0.0495641, -0.0368155, 0.4663302, 0.0122718 
0.0298584, 0.4298380, -0.0556184, -0.0306796, 0.4601942, 0.0122718 
0.0315203, 0.4325617, -0.0574173, -0.0306796, 0.4601942, 0.0122718 
0.0295175, 0.4492731, -0.0624282, -0.0306796, 0.4908738, 0.0184078 
0.0330366, 0.4454778, -0.0674891, -0.0245437, 0.5031457, 0.0184078 
0.0304648, 0.4551685, -0.0666643, -0.0245437, 0.5031457, 0.0184078 
0.0304648, 0.4551685, -0.0666643, -0.0245437, 0.5031457, 0.0184078 
0.0288328, 0.4637643, -0.0666624, -0.0245437, 0.5276894, 0.0184078 
0.0274221, 0.4744421, -0.0662828, -0.0306796, 0.5154175, 0.0184078 
0.0274221, 0.4744421, -0.0662828, -0.0306796, 0.5154175, 0.0184078 
0.0282206, 0.4830687, -0.0668510, -0.0245437, 0.5276894, 0.0184078 
0.0310084, 0.4866425, -0.0708232, -0.0368155, 0.5399612, 0.0245437 
0.0310084, 0.4866425, -0.0708232, -0.0368155, 0.5399612, 0.0245437 
0.0316691, 0.4936666, -0.0728761, -0.0368155, 0.5399612, 0.0245437 
0.0280364, 0.5018364, -0.0721649, -0.0245437, 0.5522331, 0.0184078 
0.0257690, 0.5107691, -0.0718028, -0.0368155, 0.5522331, 0.0245437 
0.0298197, 0.5071453, -0.0752838, -0.0245437, 0.5645049, 0.0184078 
0.0298197, 0.5071453, -0.0752838, -0.0245437, 0.5645049, 0.0184078 
0.0288085, 0.5123832, -0.0752354, -0.0245437, 0.5706409, 0.0245437 
0.0288085, 0.5123832, -0.0752354, -0.0245437, 0.5706409, 0.0245437 
0.0301775, 0.5118325, -0.0766537, -0.0245437, 0.5706409, 0.0245437 
0.0306951, 0.5165302, -0.0779097, 0.0061359, 0.5706409, 0.0245437 
0.0306951, 0.5165302, -0.0779097, 0.0061359, 0.5706409, 0.0245437 
0.0270419, 0.5260434, -0.0741618, -0.0245437, 0.5951846, 0.0245437 
0.0283796, 0.5255617, -0.0755438, -0.0245437, 0.5951846, 0.0245437 
0.0283796, 0.5255617, -0.0755438, -0.0245437, 0.5951846, 0.0245437 
0.0305447, 0.5211483, -0.0780384, -0.0245437, 0.5951846, 0.0245437 
0.0305447, 0.5211483, -0.0780384, -0.0245437, 0.5951846, 0.0245437 
0.0316124, 0.5205312, -0.0783971, -0.0245437, 0.5951846, 0.0245437 
0.0302247, 0.5260484, -0.0762766, -0.0245437, 0.5951846, 0.0245437 
0.0302247, 0.5260484, -0.0762766, -0.0245437, 0.5951846, 0.0245437 
0.0301104, 0.5264219, -0.0751166, -0.0245437, 0.5951846, 0.0245437 
0.0281989, 0.5299680, -0.0736230, -0.0245437, 0.5951846, 0.0245437 
0.0278339, 0.5314463, -0.0726428, -0.0368155, 0.5951846, 0.0245437 
0.0280011, 0.5315754, -0.0716892, -0.0368155, 0.5951846, 0.0245437 
0.0276365, 0.5328321, -0.0712032, -0.0429515, 0.5951846, 0.0245437 
0.0275929, 0.5320110, -0.0704675, -0.0429515, 0.5951846, 0.0245437 
0.0295207, 0.5287684, -0.0713436, -0.0306796, 0.5951846, 0.0245437 
0.0295207, 0.5287684, -0.0713436, -0.0306796, 0.5951846, 0.0245437 
0.0303551, 0.5275160, -0.0717749, -0.0245437, 0.7363108, 0.0245437 
0.0320521, 0.5239344, -0.0722046, -0.0245437, 0.5951846, 0.0184078 
0.0320521, 0.5239344, -0.0722046, -0.0245437, 0.5951846, 0.0184078 
0.0304970, 0.5269378, -0.0708557, -0.0245437, 0.5951846, 0.0245437 
0.0304970, 0.5269378, -0.0708557, -0.0245437, 0.5951846, 0.0245437 
0.0322622, 0.5235438, -0.0716191, -0.0245437, 0.5951846, 0.0245437 
0.0322622, 0.5235438, -0.0716191, -0.0245437, 0.5951846, 0.0245437 
0.0315601, 0.5250701, -0.0711237, -0.0245437, 0.5951846, 0.0245437 
0.0313861, 0.5237044, -0.0711547, -0.0245437, 0.5951846, 0.0245437 
0.0302288, 0.5247892, -0.0706424, -0.0245437, 0.5951846, 0.0245437 
0.0302288, 0.5247892, -0.0706424, -0.0245437, 0.5951846, 0.0245437 
0.0290772, 0.5271589, -0.0701284, -0.0245437, 0.5951846, 0.0245437 
0.0268120, 0.5277987, -0.0680037, -0.0245437, 0.5951846, 0.0245437 
0.0268674, 0.5249532, -0.0687410, -0.0245437, 0.5951846, 0.0245437 
0.0268674, 0.5249532, -0.0687410, -0.0245437, 0.5951846, 0.0245437 
0.0254433, 0.5262015, -0.0691070, -0.0245437, 0.5951846, 0.0245437 
0.0254433, 0.5262015, -0.0691070, -0.0245437, 0.5951846, 0.0122718 
0.0261231, 0.5207043, -0.0689406, -0.0245437, 0.5951846, 0.0122718 
0.0261231, 0.5207043, -0.0689406, -0.0245437, 0.5951846, 0.0122718 
0.0275007, 0.5169388, -0.0701473, -0.0306796, 0.5951846, 0.0245437 
0.0275007, 0.5169388, -0.0701473, -0.0613592, 0.5951846, 0.0245437 
0.0271607, 0.5145548, -0.0706985, -0.0613592, 0.5951846, 0.0245437 
0.0271607, 0.5145548, -0.0706985, -0.0613592, 0.5951846, 0.0245437 
0.0301799, 0.5070074, -0.0727710, -0.0122718, 0.5645049, 0.0245437 
0.0303067, 0.5064451, -0.0732375, -0.0245437, 0.5767768, 0.0245437 
0.0305194, 0.5046419, -0.0733240, -0.0245437, 0.5767768, 0.0245437 
0.0305194, 0.5046419, -0.0733240, -0.0245437, 0.5767768, 0.0245437 
0.0310175, 0.5022073, -0.0735062, -0.0245437, 0.5767768, 0.0245437 
0.0300743, 0.5027450, -0.0727303, -0.0245437, 0.5706409, 0.0184078 
0.0300743, 0.5027450, -0.0727303, -0.0245437, 0.5706409, 0.0184078 
0.0285777, 0.5047387, -0.0722108, -0.0245437, 0.5706409, 0.0306796 
0.0300977, 0.5005447, -0.0723801, -0.0184078, 0.5706409, 0.0245437 
0.0300977, 0.5005447, -0.0723801, -0.0184078, 0.5706409, 0.0245437 
0.0305793, 0.4991132, -0.0727674, -0.0245437, 0.5706409, 0.0245437 
0.0305793, 0.4991132, -0.0727674, -0.0245437, 0.5706409, 0.0245437 
0.0308513, 0.4974717, -0.0728782, -0.0245437, 0.5706409, 0.0245437 
0.0311975, 0.4947203, -0.0740216, -0.0245437, 0.5706409, 0.0245437 
0.0318847, 0.4918711, -0.0744066, -0.0245437, 0.5706409, 0.0245437 
0.0312823, 0.4902992, -0.0747613, -0.0368155, 0.5706409, 0.0245437 
0.0312823, 0.4902992, -0.0747613, -0.0368155, 0.5706409, 0.0245437 
0.0292565, 0.4935449, -0.0736281, -0.0245437, 0.5583690, 0.0245437 
0.0299093, 0.4906182, -0.0738268, -0.0245437, 0.5583690, 0.0245437 
0.0286303, 0.4925448, -0.0733161, -0.0245437, 0.5583690, 0.0245437 
0.0272928, 0.4911231, -0.0720295, -0.0245437, 0.5583690, 0.0245437 
0.0272928, 0.4911231, -0.0720295, -0.0245437, 0.5583690, 0.0245437 
0.0263507, 0.4909289, -0.0697263, -0.0245437, 0.5583690, 0.0245437 
0.0283992, 0.4854536, -0.0709504, -0.0245437, 0.5583690, 0.0245437 
0.0288831, 0.4837064, -0.0728685, -0.0245437, 0.5583690, 0.0245437 
0.0288831, 0.4837064, -0.0728685, -0.0245437, 0.5583690, 0.0245437 
0.0288831, 0.4837064, -0.0728685, -0.0245437, 0.5583690, 0.0245437 
0.0304105, 0.4786121, -0.0760870, -0.0306796, 0.5583690, 0.0245437 
0.0305008, 0.4782994, -0.0765729, -0.0245437, 0.5583690, 0.0245437 
0.0290495, 0.4785614, -0.0754818, -0.0245437, 0.5522331, 0.0245437 
0.0284292, 0.4775378, -0.0748740, -0.0245437, 0.5522331, 0.0245437 
0.0284292, 0.4775378, -0.0748740, -0.0245437, 0.5399612, 0.0245437 
0.0246716, 0.4816216, -0.0723440, -0.0245437, 0.5399612, 0.0245437 
0.0246716, 0.4816216, -0.0723440, -0.0245437, 0.5460972, 0.0245437 
0.0251714, 0.4778824, -0.0727851, -0.0245437, 0.5460972, 0.0245437 
0.0251714, 0.4778824, -0.0727851, -0.0245437, 0.5522331, 0.0245437 
0.0295844, 0.4652223, -0.0758266, -0.0245437, 0.5522331, 0.0245437 
0.0264971, 0.4673025, -0.0745751, -0.0245437, 0.5399612, 0.0245437 
0.0319359, 0.4484013, -0.0760869, -0.0245437, 0.5399612, 0.0245437 
0.0314801, 0.4480575, -0.0762105, -0.0245437, 0.5399612, 0.0245437 
0.0314801, 0.4480575, -0.0762105, -0.0245437, 0.5399612, 0.0245437 
0.0253329, 0.4470003, -0.0694565, -0.0245437, 0.5031457, 0.0245437 
0.0253329, 0.4470003, -0.0694565, -0.0245437, 0.5031457, 0.0245437 
0.0288590, 0.4278718, -0.0691967, -0.0245437, 0.5154175, 0.0245437 
0.0288590, 0.4278718, -0.0691967, -0.0245437, 0.5154175, 0.0245437 
0.0213782, 0.4215794, -0.0597050, -0.0245437, 0.5154175, 0.0245437 
0.0213782, 0.4215794, -0.0597050, -0.0245437, 0.5154175, 0.0245437 
0.0182739, 0.4128264, -0.0549887, -0.0245437, 0.4908738, 0.0245437 
0.0174420, 0.4078242, -0.0535363, -0.0245437, 0.4908738, 0.0245437 
0.0174420, 0.4078242, -0.0535363, 0.0122718, 0.4786020, 0.0245437 
0.0164097, 0.4047915, -0.0522102, 0.0122718, 0.4786020, 0.0245437 
-0.0191124, 0.4580455, -0.0201846, -0.0245437, 0.4724661, 0.0306796 
-0.0226617, 0.4580264, -0.0149974, -0.0245437, 0.4724661, 0.0306796 
-0.0137307, 0.4309542, -0.0174468, -0.0245437, 0.4724661, 0.0306796 
-0.0137307, 0.4309542, -0.0174468, -0.0245437, 0.5215535, 0.0245437 
-0.0296670, 0.4441358, -0.0020793, -0.0245437, 0.5215535, 0.0245437 
-0.0296670, 0.4441358, -0.0020793, -0.0245437, 0.5092816, 0.0245437 
-0.0471743, 0.4559889, 0.0096130, -0.0245437, 0.5092816, 0.0245437 
-0.0471743, 0.4559889, 0.0096130, -0.0245437, 0.5031457, 0.0245437 
-0.0481254, 0.4500083, 0.0080988, -0.0245437, 0.5031457, 0.0245437 
-0.0392835, 0.4134432, 0.0015958, -0.0245437, 0.5154175, 0.0245437 
-0.0121063, 0.3491043, -0.0180627, -0.0245437, 0.5154175, 0.0245437 
-0.0111678, 0.3251094, -0.0205695, -0.0245437, 0.5154175, 0.0245437 
-0.0111678, 0.3251094, -0.0205695, -0.0245437, 0.5154175, 0.0245437 
0.0044297, 0.2733263, -0.0273832, 0.0306796, 0.4172428, 0.0245437 
0.0044297, 0.2733263, -0.0273832, -0.0184078, 0.3497476, 0.0306796 
-0.0048151, 0.2841213, -0.0235240, -0.0245437, 0.3374758, 0.0245437 
-0.0053185, 0.2582149, -0.0228319, -0.0245437, 0.3374758, 0.0245437 
0.0078362, 0.2190281, -0.0312435, -0.0245437, 0.3374758, 0.0245437 
0.0078362, 0.2190281, -0.0312435, -0.0245437, 0.3436117, 0.0245437 
0.0078362, 0.2190281, -0.0312435, -0.0245437, 0.3190680, 0.0245437 
0.0116277, 0.1954195, -0.0322807, -0.0245437, 0.3190680, 0.0245437 
0.0080473, 0.1758763, -0.0313282, -0.0245437, 0.3190680, 0.0245437 
0.0080473, 0.1758763, -0.0313282, -0.0245437, 0.2270292, 0.0245437 
0.0158395, 0.1428458, -0.0325889, -0.0245437, 0.2270292, 0.0245437 
0.0302521, 0.0937942, -0.0364127, -0.0184078, 0.2147573, 0.0306796 
0.0302521, 0.0937942, -0.0364127, -0.0184078, 0.2147573, 0.0306796 
0.0287790, 0.0828597, -0.0362743, -0.0184078, 0.2147573, 0.0306796 
0.0230506, 0.0635109, -0.0356604, -0.0184078, 0.1533981, 0.0245437 
0.0230506, 0.0635109, -0.0356604, -0.0184078, 0.1533981, 0.0245437 
0.0225244, 0.0493492, -0.0351955, -0.0184078, 0.1288544, 0.0306796 
0.0198794, 0.0328990, -0.0339832, -0.0184078, 0.1288544, 0.0245437 
0.0198794, 0.0328990, -0.0339832, -0.0184078, 0.1288544, 0.0245437 
0.0213516, 0.0200116, -0.0345701, -0.0184078, 0.1288544, 0.0245437 
0.0175903, -0.0002703, -0.0341325, -0.0184078, 0.1104466, 0.0245437 
0.0175903, -0.0002703, -0.0341325, -0.0184078, 0.0981748, 0.0245437 
0.0175903, -0.0002703, -0.0341325, -0.0184078, 0.0736311, 0.0245437 
0.0245428, -0.0331915, -0.0345985, -0.0184078, 0.0736311, 0.0245437 
0.0176124, -0.0494481, -0.0318816, -0.0184078, 0.0552233, 0.0245437 
0.0176124, -0.0494481, -0.0318816, -0.0184078, 0.0552233, 0.0245437 
0.0143168, -0.0633761, -0.0325709, -0.0184078, 0.0245437, 0.0245437 
0.0143168, -0.0633761, -0.0325709, -0.0184078, 0.0245437, 0.0245437 
0.0149131, -0.0763468, -0.0310574, -0.0184078, 0.0122718, 0.0245437 
0.0181873, -0.1057813, -0.0294401, -0.0184078, 0.0061359, 0.0245437 
0.0181873, -0.1057813, -0.0294401, -0.0184078, 0.0061359, 0.0245437 
0.0147688, -0.1123327, -0.0303305, -0.0184078, 0.0061359, 0.0245437 
0.0112131, -0.1192694, -0.0295310, -0.0184078, -0.0184078, 0.0245437 
0.0129624, -0.1342325, -0.0268490, -0.0184078, -0.0184078, 0.0245437 
0.0133346, -0.1436017, -0.0256101, -0.0184078, -0.0368155, 0.0245437 
0.0059133, -0.1580254, -0.0253806, -0.0184078, -0.0674952, 0.0245437 
0.0059133, -0.1580254, -0.0253806, -0.0184078, -0.0859029, 0.0245437 
0.0082870, -0.1753445, -0.0233620, -0.0184078, -0.0859029, 0.0245437 
0.0082870, -0.1753445, -0.0233620, -0.0122718, -0.0859029, 0.0245437 
0.0028790, -0.1958389, -0.0228847, -0.0122718, -0.0859029, 0.0245437 
0.0028790, -0.1958389, -0.0228847, -0.0184078, -0.0981748, 0.0245437 
0.0024708, -0.2146996, -0.0193105, -0.0122718, -0.1288544, 0.0184078 
-0.0013978, -0.2344825, -0.0175559, -0.0122718, -0.1288544, 0.0184078 
-0.0047996, -0.2427461, -0.0172343, -0.0122718, -0.1595340, 0.0245437 
-0.0047996, -0.2427461, -0.0172343, -0.0122718, -0.1595340, 0.0245437 
-0.0028544, -0.2597098, -0.0140775, -0.0122718, -0.1595340, 0.0245437 
-0.0061129, -0.2666464, -0.0149001, -0.0122718, -0.1656699, 0.0245437 
-0.0075712, -0.2759571, -0.0151272, -0.0122718, -0.1656699, 0.0245437 
-0.0079417, -0.2882365, -0.0121491, -0.0061359, -0.2147573, 0.0245437 
-0.0074065, -0.2973754, -0.0113580, -0.0061359, -0.2147573, 0.0245437 
-0.0118609, -0.3131109, -0.0103584, -0.0061359, -0.2147573, 0.0245437 
-0.0118609, -0.3131109, -0.0103584, -0.0061359, -0.2331651, 0.0122718 
-0.0109997, -0.3252075, -0.0095905, -0.0061359, -0.2331651, 0.0122718 
-0.0175565, -0.3382834, -0.0116637, -0.0061359, -0.2331651, 0.0122718 
-0.0175565, -0.3382834, -0.0116637, -0.0061359, -0.2393010, 0.0245437 
-0.0175565, -0.3382834, -0.0116637, -0.0061359, -0.2638447, 0.0245437 
-0.0206521, -0.3587567, -0.0105353, -0.0061359, -0.2638447, 0.0245437 
-0.0216099, -0.3725051, -0.0106256, -0.0061359, -0.2638447, 0.0184078 
-0.0227795, -0.3818083, -0.0085814, -0.0061359, -0.2638447, 0.0184078 
-0.0227795, -0.3818083, -0.0085814, 0.0000000, -0.2945243, 0.0184078 
-0.0258699, -0.3953959, -0.0091038, -0.0061359, -0.3006602, 0.0245437 
-0.0258699, -0.3953959, -0.0091038, -0.0061359, -0.3190680, 0.0245437 
-0.0276600, -0.4054435, -0.0084468, -0.0061359, -0.3190680, 0.0245437 
-0.0280771, -0.4192238, -0.0058345, -0.0061359, -0.3313398, 0.0245437 
-0.0280771, -0.4192238, -0.0058345, -0.0061359, -0.3313398, 0.0245437 
-0.0283198, -0.4340004, -0.0018482, -0.0061359, -0.3497476, 0.0245437 
-0.0283198, -0.4340004, -0.0018482, -0.0061359, -0.3497476, 0.0245437 
-0.0274412, -0.4490671, 0.0033021, -0.0613592, -0.3374758, 0.0000000 
-0.0287488, -0.4403158, -0.0037580, 0.0000000, -0.3804272, 0.0245437 
-0.0292016, -0.4424763, -0.0040300, 0.0000000, -0.3804272, 0.0245437 
-0.0294707, -0.4520203, -0.0027940, 0.0000000, -0.3804272, 0.0245437 
-0.0294707, -0.4520203, -0.0027940, 0.0000000, -0.3804272, 0.0245437 
-0.0278158, -0.4634015, -0.0016174, 0.0000000, -0.3804272, 0.0245437 
-0.0278158, -0.4634015, -0.0016174, 0.0000000, -0.3804272, 0.0245437 
-0.0275228, -0.4691338, -0.0000473, 0.0000000, -0.3804272, 0.0245437 
-0.0293881, -0.4607981, -0.0066625, 0.0000000, -0.3865632, 0.0184078 
-0.0293881, -0.4607981, -0.0066625, 0.0000000, -0.4049709, 0.0245437 
-0.0300673, -0.4673333, -0.0029597, 0.0000000, -0.3926991, 0.0245437 
-0.0288536, -0.4715884, -0.0001166, 0.0000000, -0.3926991, 0.0245437 
-0.0288536, -0.4715884, -0.0001166, 0.0000000, -0.3865632, 0.0184078 
-0.0242282, -0.4817304, 0.0024786, 0.0000000, -0.3988350, 0.0245437 
-0.0246708, -0.4823096, 0.0027553, 0.0000000, -0.3988350, 0.0245437 
-0.0250953, -0.4834155, 0.0033697, -0.0122718, -0.4172428, 0.0184078 
-0.0253654, -0.4843282, 0.0038883, -0.0122718, -0.4172428, 0.0184078 
-0.0253654, -0.4843282, 0.0038883, -0.0122718, -0.4172428, 0.0184078 
-0.0262964, -0.4861245, 0.0054751, 0.0000000, -0.4172428, 0.0184078 
-0.0256584, -0.4897569, 0.0063569, 0.0000000, -0.4233787, 0.0184078 
-0.0256584, -0.4897569, 0.0063569, 0.0000000, -0.4233787, 0.0184078 
-0.0256584, -0.4897569, 0.0063569, 0.0000000, -0.4172428, 0.0245437 
-0.0259282, -0.4906599, 0.0065208, 0.0000000, -0.4172428, 0.0245437 
-0.0257461, -0.4901950, 0.0053959, 0.0000000, -0.4172428, 0.0245437 
-0.0259996, -0.4907551, 0.0056764, 0.0000000, -0.4233787, 0.0184078 
-0.0266141, -0.4907046, 0.0057038, 0.0000000, -0.4233787, 0.0184078 
-0.0268722, -0.4910005, 0.0054825, 0.0000000, -0.4172428, 0.0245437 
-0.0270940, -0.4897682, 0.0043870, 0.0000000, -0.4172428, 0.0245437 
-0.0273017, -0.4896392, 0.0042306, 0.0000000, -0.4172428, 0.0245437 
-0.0273017, -0.4896392, 0.0042306, 0.0000000, -0.4172428, 0.0245437 
-0.0272837, -0.4891949, 0.0039381, 0.0000000, -0.4172428, 0.0245437 
-0.0271900, -0.4889160, 0.0032621, 0.0000000, -0.4172428, 0.0245437 
-0.0268757, -0.4885717, 0.0028529, 0.0000000, -0.4233787, 0.0184078 
-0.0268757, -0.4885717, 0.0028529, 0.0000000, -0.3681554, 0.0184078 
-0.0268757, -0.4885717, 0.0028529, 0.0000000, -0.3681554, 0.0184078 
-0.0266027, -0.4874980, 0.0022962, 0.0000000, -0.4172428, 0.0184078 
-0.0267126, -0.4863888, 0.0019047, 0.0000000, -0.4172428, 0.0184078 
-0.0267126, -0.4863888, 0.0019047, 0.0000000, -0.4172428, 0.0184078 
-0.0265428, -0.4859347, 0.0013076, 0.0000000, -0.4233787, 0.0184078 
-0.0268243, -0.4852264, 0.0011020, 0.0000000, -0.4417865, 0.0245437 
-0.0265716, -0.4848906, 0.0006405, 0.0000000, -0.4417865, 0.0245437 
-0.0263505, -0.4846673, 0.0003313, 0.0000000, -0.4233787, 0.0245437 
-0.0256200, -0.4849138, -0.0001893, 0.0000000, -0.4233787, 0.0245437 
-0.0260681, -0.4844815, -0.0075836, 0.0000000, -0.4172428, 0.0184078 
-0.0241229, -0.4859709, -0.0082413, 0.0000000, -0.4233787, 0.0245437 
-0.0241229, -0.4859709, -0.0082413, 0.0000000, -0.4233787, 0.0245437 
-0.0231611, -0.4915779, 0.0026504, 0.0000000, -0.4172428, 0.0245437 
-0.0228332, -0.4914619, 0.0022123, 0.0000000, -0.4172428, 0.0245437 
-0.0223719, -0.4914570, 0.0027502, 0.0000000, -0.4172428, 0.0122718 
-0.0223124, -0.4883309, 0.0011763, 0.0000000, -0.4172428, 0.0122718 
-0.0223124, -0.4883309, 0.0011763, 0.0000000, -0.4172428, 0.0184078 
-0.0215157, -0.4853967, -0.0014397, 0.0000000, -0.4172428, 0.0184078 
-0.0215157, -0.4853967, -0.0014397, 0.0000000, -0.4233787, 0.0306796 
-0.0213040, -0.4829594, -0.0032293, 0.0000000, -0.4172428, 0.0245437 
-0.0214863, -0.4794999, -0.0045846, 0.0000000, -0.4233787, 0.0245437 
-0.0214863, -0.4794999, -0.0045846, 0.0000000, -0.4233787, 0.0245437 
-0.0210964, -0.4792260, -0.0045205, 0.0000000, -0.4233787, 0.0245437 
-0.0208781, -0.4772742, -0.0044352, 0.0000000, -0.4111069, 0.0245437 
-0.0208781, -0.4772742, -0.0044352, 0.0000000, -0.3988350, 0.0245437 
-0.0207356, -0.4751867, -0.0042588, 0.0000000, -0.3988350, 0.0245437 
-0.0200671, -0.4760670, -0.0034276, 0.0000000, -0.3988350, 0.0245437 
-0.0198226, -0.4746035, -0.0037171, 0.0000000, -0.3988350, 0.0245437 
-0.0197016, -0.4738292, -0.0039621, 0.0000000, -0.3988350, 0.0245437 
-0.0186693, -0.4714644, -0.0053586, 0.0000000, -0.4049709, 0.0245437 
-0.0186693, -0.4714644, -0.0053586, 0.0000000, -0.4049709, 0.0184078 
-0.0202292, -0.4604960, -0.0102225, 0.0000000, -0.4049709, 0.0184078 
-0.0202292, -0.4604960, -0.0102225, 0.0000000, -0.4049709, 0.0184078 
-0.0202292, -0.4604960, -0.0102225, 0.0000000, -0.4049709, 0.0184078 
-0.0193848, -0.4586416, -0.0108825, 0.0000000, -0.3988350, 0.0245437 
-0.0179677, -0.4533935, -0.0130533, 0.0000000, -0.4049709, 0.0184078 
-0.0175272, -0.4495500, -0.0152382, 0.0000000, -0.4049709, 0.0184078 
-0.0175272, -0.4495500, -0.0152382, 0.0000000, -0.4049709, 0.0184078 
-0.0158532, -0.4529379, -0.0085813, 0.0000000, -0.3865632, 0.0245437 
-0.0158532, -0.4529379, -0.0085813, 0.0000000, -0.3865632, 0.0245437 
-0.0165469, -0.4370434, -0.0169576, -0.0122718, -0.3865632, 0.0184078 
-0.0165469, -0.4370434, -0.0169576, -0.0122718, -0.3865632, 0.0184078 
-0.0169391, -0.4333378, -0.0193910, -0.0122718, -0.3865632, 0.0184078 
-0.0166361, -0.4275580, -0.0225091, 0.0000000, -0.3804272, 0.0245437 
-0.0161185, -0.4225996, -0.0231751, 0.0000000, -0.3804272, 0.0245437 
-0.0161185, -0.4225996, -0.0231751, 0.0000000, -0.3742913, 0.0184078 
-0.0160788, -0.4187905, -0.0215408, 0.0000000, -0.3497476, 0.0184078 
-0.0160788, -0.4187905, -0.0215408, 0.0000000, -0.3497476, 0.0184078 
-0.0174427, -0.4051023, -0.0227049, -0.0859029, -0.3558835, 0.0245437 
-0.0174427, -0.4051023, -0.0227049, -0.0859029, -0.3558835, 0.0245437 
-0.0158411, -0.4001847, -0.0228388, 0.0061359, -0.3497476, 0.0245437 
-0.0149878, -0.3902768, -0.0238336, 0.0306796, -0.3374758, 0.0245437 
-0.0163664, -0.3810847, -0.0245896, 0.0306796, -0.3374758, 0.0245437 
-0.0163664, -0.3810847, -0.0245896, 0.0306796, -0.3374758, 0.0245437 
-0.0158424, -0.3772324, -0.0237114, 0.0306796, -0.3374758, 0.0245437 
-0.0165896, -0.3676725, -0.0233797, 0.0306796, -0.3190680, 0.0429515 
-0.0167144, -0.3512532, -0.0244034, 0.0306796, -0.3190680, 0.0245437 
-0.0167144, -0.3512532, -0.0244034, 0.0306796, -0.2945243, -0.0429515 
-0.0149391, -0.3412507, -0.0235710, 0.0306796, -0.2945243, -0.0429515 
-0.0157546, -0.3346078, -0.0239348, 0.0306796, -0.2822525, 0.0184078 
-0.0157546, -0.3346078, -0.0239348, 0.0306796, -0.2822525, 0.0184078 
-0.0153335, -0.3192713, -0.0218625, 0.0306796, -0.2822525, 0.0184078 
-0.0153335, -0.3192713, -0.0218625, 0.0306796, -0.2699806, 0.0245437 
-0.0169377, -0.2989238, -0.0211933, 0.0306796, -0.2699806, 0.0245437 
-0.0169377, -0.2989238, -0.0211933, 0.0306796, -0.2699806, 0.0245437 
-0.0126304, -0.2806388, -0.0160346, 0.0306796, -0.1165825, 0.0245437 
-0.0121128, -0.2720644, -0.0136742, 0.0306796, -0.1165825, 0.0245437 
-0.0121128, -0.2720644, -0.0136742, 0.0306796, -0.1165825, 0.0245437 
-0.0144471, -0.2486141, -0.0142285, 0.0306796, -0.2086214, 0.0245437 
-0.0144471, -0.2486141, -0.0142285, 0.0306796, -0.2086214, 0.0245437 
-0.0149263, -0.2254167, -0.0136069, 0.0306796, -0.2147573, 0.0245437 
-0.0149263, -0.2254167, -0.0136069, 0.0306796, -0.2147573, 0.0245437 
-0.0112368, -0.2098879, -0.0134177, 0.0306796, -0.1718058, 0.0245437 
-0.0095055, -0.2075169, -0.0123938, 0.0306796, -0.1718058, 0.0245437 
-0.0095055, -0.2075169, -0.0123938, 0.0306796, -0.1718058, 0.0245437 
-0.0098443, -0.2031552, -0.0114743, 0.0306796, -0.1227185, 0.0245437 
-0.0082333, -0.2007531, -0.0102793, 0.0306796, -0.1227185, 0.0245437 
-0.0105207, -0.1723433, -0.0083030, 0.0306796, -0.1472622, 0.0245437 
-0.0122494, -0.1564312, -0.0071379, 0.0306796, -0.1472622, 0.0245437 
-0.0127363, -0.1401640, -0.0076045, 0.0306796, -0.1472622, 0.0245437 
-0.0120370, -0.1260392, -0.0075633, 0.0306796, -0.1411262, 0.0245437 
-0.0109395, -0.1197922, -0.0065090, 0.0552233, -0.1227185, 0.0245437 
-0.0122202, -0.0859623, -0.0043602, 0.0552233, -0.1227185, 0.0245437 
-0.0089673, -0.0742955, -0.0028536, 0.0306796, -0.0736311, 0.0245437 
-0.0073810, -0.0609668, -0.0015161, 0.0122718, -0.0245437, 0.0245437 
-0.0039513, -0.0499311, -0.0013128, 0.0122718, -0.0245437, 0.0245437 
-0.0031554, -0.0362227, -0.0007152, 0.0306796, 0.0061359, 0.0245437 
-0.0031554, -0.0362227, -0.0007152, 0.0306796, 0.0061359, 0.0245437 
-0.0014828, -0.0274042, -0.0010091, 0.0306796, 0.0184078, 0.0245437 
0.0001477, -0.0222422, -0.0029906, 0.0306796, 0.0306796, 0.0245437 
-0.0005949, -0.0095100, -0.0024784, 0.0306796, 0.0306796, 0.0245437 
-0.0044352, -0.0007324, -0.0012166, 0.0306796, 0.0306796, 0.0245437 
-0.0107549, 0.0205242, -0.0018961, 0.0306796, 0.0490874, 0.0245437 
-0.0087224, 0.0372425, -0.0094277, 0.0306796, 0.0490874, 0.0245437 
-0.0087224, 0.0372425, -0.0094277, 0.0306796, 0.0736311, 0.0122718 
-0.0190949, 0.0656688, -0.0111226, 0.0306796, 0.0920388, 0.0245437 
-0.0207610, 0.0714039, -0.0116394, 0.0306796, 0.0920388, 0.0245437 
-0.0207610, 0.0714039, -0.0116394, 0.0306796, 0.0981748, 0.0245437 
-0.0196924, 0.0924787, -0.0198472, 0.0306796, 0.1227185, 0.0245437 
-0.0297451, 0.1171999, -0.0215139, 0.0306796, 0.1227185, 0.0245437 
-0.0222619, 0.1149608, -0.0295253, 0.0306796, 0.1227185, 0.0245437 
-0.0333881, 0.1433111, -0.0289668, 0.0306796, 0.1595340, 0.0245437 
-0.0333881, 0.1433111, -0.0289668, 0.0306796, 0.1595340, 0.0245437 
-0.0314355, 0.1487375, -0.0322724, 0.0306796, 0.1902136, 0.0061359 
-0.0365956, 0.1678617, -0.0337319, 0.0306796, 0.1902136, 0.0061359 
-0.0515357, 0.1973197, -0.0324095, 0.0306796, 0.2024855, -0.1718058 
-0.0557860, 0.2212151, -0.0344948, 0.0245437, 0.2454369, 0.0306796 
-0.0557860, 0.2212151, -0.0344948, 0.0245437, 0.2454369, 0.0306796 
-0.0756045, 0.2991768, -0.0365893, 0.0245437, 0.2454369, 0.0306796 
-0.0756045, 0.2991768, -0.0365893, -0.0429515, 0.3006602, 0.0306796 
-0.0775385, 0.3252618, -0.0371535, -0.0429515, 0.3006602, 0.0306796 
-0.0775385, 0.3252618, -0.0371535, 0.0184078, 0.3252039, 0.0306796 
-0.1189286, 0.4248099, -0.0109385, 0.0184078, 0.3252039, 0.0306796 
-0.1170842, 0.4311810, -0.0113448, 0.0184078, 0.3252039, 0.0306796 
-0.1206927, 0.4484029, -0.0083732, 0.0000000, 0.3865632, 0.0306796 
-0.1031757, 0.4356436, -0.0167245, -0.0061359, 0.4663302, 0.0122718 
-0.0678120, 0.3774175, -0.0482501, -0.0061359, 0.4663302, 0.0122718 
-0.0634825, 0.3859234, -0.0600432, -0.0061359, 0.5338253, 0.0306796 
-0.0634825, 0.3859234, -0.0600432, -0.0061359, 0.5338253, 0.0306796 
-0.0696604, 0.4090856, -0.0585213, -0.0061359, 0.4786020, 0.0368155 
-0.0645633, 0.4043253, -0.0613499, -0.0061359, 0.4786020, 0.0368155 
-0.0545008, 0.3961921, -0.0698893, -0.0061359, 0.4172428, 0.0429515 
-0.0387714, 0.3860177, -0.0823875, -0.0061359, 0.4049709, 0.0429515 
-0.0387714, 0.3860177, -0.0823875, -0.0061359, 0.4540583, 0.0368155 
-0.0387714, 0.3860177, -0.0823875, -0.0061359, 0.4540583, 0.0368155 
-0.0381186, 0.3992040, -0.0871778, -0.0061359, 0.4601942, 0.0429515 
-0.0378748, 0.4132178, -0.0889233, -0.0061359, 0.4601942, 0.0429515 
-0.0359644, 0.4119155, -0.0885133, -0.0061359, 0.4601942, 0.0429515 
-0.0359644, 0.4119155, -0.0885133, -0.0122718, 0.4663302, 0.0429515 
-0.0404862, 0.4385336, -0.0882207, -0.0122718, 0.4663302, 0.0429515 
-0.0404862, 0.4385336, -0.0882207, -0.0061359, 0.4970098, 0.0368155 
-0.0384734, 0.4391924, -0.0920500, -0.0061359, 0.4970098, 0.0368155 
-0.0419902, 0.4505225, -0.0919501, -0.0061359, 0.5031457, 0.0368155 
-0.0384041, 0.4463698, -0.0936088, -0.0061359, 0.5154175, 0.0368155 
-0.0361219, 0.4495254, -0.0965914, -0.0061359, 0.5154175, 0.0368155 
-0.0361219, 0.4495254, -0.0965914, -0.0061359, 0.5154175, 0.0368155 
-0.0377605, 0.4549581, -0.0964322, -0.0061359, 0.5031457, 0.0245437 
-0.0374937, 0.4573936, -0.0985084, -0.0061359, 0.5154175, 0.0797670 
-0.0403920, 0.4660421, -0.1009026, -0.0061359, 0.5154175, 0.0797670 
-0.0399303, 0.4680549, -0.1021783, -0.0061359, 0.5154175, 0.0797670 
-0.0399303, 0.4680549, -0.1021783, -0.0122718, 0.5338253, 0.0306796 
-0.0399303, 0.4680549, -0.1021783, -0.0122718, 0.5338253, 0.0306796 
-0.0393646, 0.4720382, -0.0998904, -0.0061359, 0.5215535, 0.1288544 
-0.0393646, 0.4720382, -0.0998904, -0.0061359, 0.5338253, 0.0122718 
-0.0399547, 0.4743469, -0.0993330, -0.0061359, 0.5338253, 0.0122718 
-0.0379012, 0.4703829, -0.0992618, -0.0061359, 0.5338253, 0.0122718 
-0.0379012, 0.4703829, -0.0992618, -0.0061359, 0.5338253, 0.0122718 
-0.0362862, 0.4677703, -0.0992107, -0.0061359, 0.5338253, 0.0122718 
-0.0362862, 0.4677703, -0.0992107, -0.0061359, 0.5338253, 0.0122718 
-0.0363292, 0.4683651, -0.0986336, -0.0061359, 0.5338253, 0.0122718 
-0.0339229, 0.4629138, -0.0995834, -0.0061359, 0.5338253, 0.0122718 
-0.0336571, 0.4617763, -0.0994982, -0.0061359, 0.5338253, 0.0122718 
-0.0334304, 0.4613281, -0.0996895, -0.0061359, 0.5338253, 0.0122718 
-0.0334304, 0.4613281, -0.0996895, -0.0061359, 0.5215535, 0.0122718 
-0.0329201, 0.4600293, -0.0996759, -0.0061359, 0.5215535, 0.0122718 
-0.0329346, 0.4594733, -0.0988394, -0.0122718, 0.5154175, 0.0122718 
-0.0329346, 0.4594733, -0.0988394, -0.0122718, 0.5154175, 0.0122718 
-0.0327756, 0.4595701, -0.0986337, -0.0061359, 0.5154175, -0.1349903 
-0.0326198, 0.4597517, -0.0985870, -0.0061359, 0.5154175, -0.1349903 
-0.0327365, 0.4597930, -0.0984374, -0.0061359, 0.5154175, -0.1349903 
-0.0327365, 0.4597930, -0.0984374, 0.0000000, 0.4970098, 0.0061359 
-0.0325393, 0.4601174, -0.0984552, 0.0000000, 0.4970098, 0.0061359 
-0.0319023, 0.4596036, -0.0985518, 0.0000000, 0.4970098, 0.0061359 
-0.0307436, 0.4579470, -0.0989236, -0.0061359, 0.5154175, 0.0000000 
-0.0317794, 0.4609186, -0.0969288, -0.0061359, 0.5154175, 0.0000000 
-0.0299840, 0.4590038, -0.0977678, 0.0061359, 0.5154175, 0.0000000 
-0.0298796, 0.4586447, -0.0980401, 0.0061359, 0.5154175, 0.0000000 
-0.0298796, 0.4586447, -0.0980401, 0.0061359, 0.5154175, 0.0000000 
-0.0299339, 0.4582974, -0.0975810, -0.0122718, 0.5154175, 0.0000000 
-0.0312201, 0.4615187, -0.0973193, -0.0061359, 0.5154175, -0.0552233 
-0.0326775, 0.4640157, -0.0965220, -0.0061359, 0.5154175, -0.0552233 
-0.0326775, 0.4640157, -0.0965220, -0.0061359, 0.5154175, -0.0552233 
-0.0326775, 0.4640157, -0.0965220, -0.0061359, 0.5154175, 0.0061359 
-0.0322333, 0.4623687, -0.0965239, -0.0122718, 0.5276894, 0.0000000 
-0.0312942, 0.4593293, -0.0974680, -0.0061359, 0.5399612, 0.0000000 
-0.0318189, 0.4588966, -0.0975932, -0.0061359, 0.5399612, 0.0000000 
-0.0321932, 0.4576014, -0.0992281, -0.0061359, 0.5399612, 0.0000000 
-0.0306202, 0.4529214, -0.1016210, -0.0061359, 0.5154175, 0.0000000 
-0.0306202, 0.4529214, -0.1016210, -0.0061359, 0.5154175, 0.0000000 
-0.0328338, 0.4559730, -0.1020503, -0.0061359, 0.5154175, 0.0000000 
-0.0347438, 0.4560481, -0.0991444, -0.0061359, 0.5154175, 0.0000000 
-0.0310225, 0.4425504, -0.1027144, -0.0061359, 0.5154175, 0.0000000 
-0.0310225, 0.4425504, -0.1027144, -0.0061359, 0.5092816, 0.0000000 
-0.0310225, 0.4425504, -0.1027144, -0.0061359, 0.5092816, 0.0000000 
-0.0313254, 0.4308772, -0.0983081, -0.0061359, 0.5154175, 0.0000000 
-0.0313254, 0.4308772, -0.0983081, -0.0061359, 0.5031457, 0.0000000 
-0.0265895, 0.4140891, -0.1020050, -0.0061359, 0.5031457, 0.0000000 
-0.0265895, 0.4140891, -0.1020050, -0.0061359, 0.5031457, 0.0000000 
-0.0244316, 0.4000158, -0.1009336, -0.0061359, 0.5031457, 0.0000000 
-0.0244316, 0.4000158, -0.1009336, -0.0061359, 0.5031457, 0.0000000 
-0.0247477, 0.3932985, -0.0992609, -0.0061359, 0.4970098, 0.0000000 
-0.0247477, 0.3932985, -0.0992609, -0.0061359, 0.4970098, 0.0000000 
-0.0321377, 0.4018103, -0.0931531, -0.0061359, 0.4724661, 0.0000000 
-0.0231660, 0.3791525, -0.0975971, -0.0122718, 0.4540583, 0.0000000 
-0.0269865, 0.3822628, -0.0942190, -0.0122718, 0.4540583, 0.0000000 
-0.0238801, 0.3696727, -0.0952807, -0.0061359, 0.4540583, 0.0000000 
-0.0260399, 0.3690647, -0.0936796, -0.0061359, 0.4540583, 0.0000000 
-0.0297977, 0.3738973, -0.0873126, -0.0061359, 0.4540583, 0.0000000 
-0.0387959, 0.3896764, -0.0812676, -0.0061359, 0.4356506, 0.0000000 
-0.0362888, 0.3796181, -0.0837644, -0.0061359, 0.4356506, 0.0000000 
-0.0554956, 0.4051622, -0.0726791, -0.0061359, 0.4356506, 0.0000000 
-0.0620741, 0.4092163, -0.0667260, -0.0061359, 0.4663302, -0.1165825 
-0.0620741, 0.4092163, -0.0667260, -0.0061359, 0.4663302, -0.1165825 
-0.0620741, 0.4092163, -0.0667260, -0.0061359, 0.4663302, -0.1165825 
-0.0571737, 0.3812707, -0.0662293, -0.0122718, 0.4663302, 0.0000000 
-0.0561604, 0.3780404, -0.0628839, -0.0122718, 0.4663302, 0.0000000 
-0.0553503, 0.3640952, -0.0647699, -0.0061359, 0.4479224, 0.0000000 
-0.0704113, 0.3878196, -0.0535817, -0.0061359, 0.4479224, 0.0000000 
-0.0818603, 0.3979044, -0.0484935, -0.0061359, 0.4479224, 0.0000000 
-0.0868337, 0.3960359, -0.0458694, -0.0061359, 0.4417865, 0.0000000 
-0.0868337, 0.3960359, -0.0458694, -0.0061359, 0.4417865, 0.0000000 
-0.0800034, 0.3614844, -0.0514762, -0.0061359, 0.4663302, -0.0184078 
-0.0786682, 0.3495572, -0.0513936, -0.0061359, 0.4663302, -0.0184078 
-0.0786682, 0.3495572, -0.0513936, 0.0184078, 0.4417865, -0.0184078 
-0.0786682, 0.3495572, -0.0513936, 0.0184078, 0.4417865, -0.0184078 
-0.0696918, 0.3161232, -0.0598943, 0.0184078, 0.4417865, -0.0184078 
-0.0696918, 0.3161232, -0.0598943, 0.0184078, 0.4417865, -0.0184078 
-0.0351036, 0.2371845, -0.0796811, -0.0245437, 0.4049709, -0.0429515 
-0.0351036, 0.2371845, -0.0796811, -0.0184078, 0.3804272, -0.0122718 
-0.0278849, 0.2100991, -0.0801402, -0.0184078, 0.3190680, -0.0184078 
-0.0306923, 0.2088216, -0.0768053, -0.0184078, 0.3190680, -0.0184078 
-0.0279784, 0.1872499, -0.0767858, -0.0184078, 0.2577088, -0.0122718 
-0.0268422, 0.1728455, -0.0781918, -0.0184078, 0.2577088, -0.0122718 
-0.0268422, 0.1728455, -0.0781918, -0.0184078, 0.2515728, -0.0184078 
-0.0236740, 0.1628441, -0.0742581, -0.0184078, 0.2515728, -0.0184078 
-0.0013383, 0.1034380, -0.0810259, -0.0184078, 0.2515728, -0.0184078 
-0.0013383, 0.1034380, -0.0810259, -0.0184078, 0.2024855, -0.0184078 
0.0059688, 0.0726870, -0.0780506, -0.0184078, 0.2024855, -0.0184078 
0.0059688, 0.0726870, -0.0780506, -0.0184078, 0.1472622, -0.0184078 
0.0071157, 0.0615869, -0.0783600, -0.0184078, 0.1472622, -0.0184078 
0.0090770, 0.0420634, -0.0775811, -0.0184078, 0.1288544, -0.0245437 
0.0090770, 0.0420634, -0.0775811, -0.0184078, 0.1288544, -0.0245437 
0.0090770, 0.0420634, -0.0775811, -0.0184078, 0.1349903, -0.0184078 
0.0044071, 0.0279465, -0.0730479, -0.0184078, 0.1104466, -0.0184078 
0.0044071, 0.0279465, -0.0730479, -0.0184078, 0.1104466, -0.0184078 
0.0080067, 0.0012816, -0.0709682, -0.0184078, 0.0981748, -0.0184078 
0.0110912, -0.0136794, -0.0692164, -0.0184078, 0.0981748, -0.0184078 
0.0130699, -0.0264900, -0.0706602, -0.0184078, 0.0981748, -0.0184078 
0.0106094, -0.0427934, -0.0663342, -0.0184078, 0.0306796, -0.0368155 
0.0106094, -0.0427934, -0.0663342, -0.0184078, 0.0306796, -0.0368155 
0.0092054, -0.0557027, -0.0637953, -0.0184078, 0.0306796, -0.0368155 
0.0145382, -0.0853111, -0.0630636, -0.0184078, 0.0306796, -0.0184078 
0.0133521, -0.0988778, -0.0607531, -0.0184078, 0.0122718, -0.0184078 
0.0133521, -0.0988778, -0.0607531, -0.0184078, -0.0245437, -0.0245437 
0.0080170, -0.1070475, -0.0581716, -0.0184078, -0.0245437, -0.0245437 
0.0080170, -0.1070475, -0.0581716, -0.0184078, -0.0245437, -0.0245437 
0.0121958, -0.1450742, -0.0563602, -0.0184078, -0.0490874, -0.0184078 
0.0121958, -0.1450742, -0.0563602, -0.0122718, -0.1227185, -0.0122718 
0.0067595, -0.1518413, -0.0547322, -0.0122718, -0.1227185, -0.0122718 
0.0068410, -0.1679866, -0.0505688, -0.0184078, -0.0674952, -0.0184078 
0.0088667, -0.1825678, -0.0519735, -0.0184078, -0.0920388, -0.0184078 
0.0060455, -0.2071544, -0.0445102, -0.0184078, -0.0920388, -0.0184078 
0.0060455, -0.2071544, -0.0445102, -0.0184078, -0.0920388, -0.0184078 
0.0044720, -0.2220062, -0.0463751, -0.0184078, -0.0920388, -0.0184078 
0.0024676, -0.2352743, -0.0411869, -0.0184078, -0.1288544, -0.0184078 
0.0024676, -0.2352743, -0.0411869, -0.0184078, -0.3252039, -0.0184078 
0.0039732, -0.2507869, -0.0384105, -0.0184078, -0.3252039, -0.0184078 
0.0017874, -0.2701659, -0.0356403, -0.0122718, -0.1472622, -0.0184078 
0.0025263, -0.2846413, -0.0342474, -0.0122718, -0.1472622, -0.0184078 
0.0025263, -0.2846413, -0.0342474, -0.0122718, -0.1656699, -0.0184078 
-0.0009741, -0.2869906, -0.0334256, -0.0122718, -0.1656699, -0.0184078 
-0.0016629, -0.2909961, -0.0328804, -0.0184078, -0.2147573, -0.0184078 
-0.0013733, -0.3070172, -0.0316864, -0.0184078, -0.2147573, -0.0184078 
-0.0013733, -0.3070172, -0.0316864, -0.0122718, -0.2