-0.0056250, -0.0304867, -0.0758829, -0.0245437, 0.0859029, -0.0674952 
-0.0056250, -0.0304867, -0.0758829, -0.0245437, 0.0859029, -0.0674952 
-0.0064221, -0.0303476, -0.0756453, -0.0184078, 0.0613592, -0.0674952 
-0.0064221, -0.0303476, -0.0756453, -0.0184078, 0.0613592, -0.0674952 
-0.0060082, -0.0309271, -0.0755424, -0.0245437, 0.0368155, -0.0674952 
-0.0071122, -0.0293672, -0.0755280, -0.0245437, 0.0306796, -0.0674952 
-0.0072868, -0.0285978, -0.0756873, -0.0245437, 0.0306796, -0.0674952 
-0.0077196, -0.0277295, -0.0758417, -0.0245437, 0.0306796, -0.0674952 
-0.0077196, -0.0277295, -0.0758417, -0.0245437, 0.0306796, -0.0674952 
-0.0061684, -0.0292373, -0.0755231, -0.0245437, 0.0306796, -0.0736311 
-0.0061684, -0.0292373, -0.0755231, -0.0245437, 0.0306796, -0.0674952 
-0.0061684, -0.0292373, -0.0755231, -0.0245437, 0.0306796, -0.0674952 
-0.0056741, -0.0293486, -0.0734565, -0.0245437, 0.0306796, -0.0674952 
-0.0058193, -0.0301172, -0.0729927, -0.0245437, 0.0306796, -0.0674952 
-0.0042866, -0.0320625, -0.0723827, -0.0245437, 0.0306796, -0.0674952 
-0.0045212, -0.0317798, -0.0723431, -0.0245437, 0.0306796, -0.0674952 
-0.0051032, -0.0312161, -0.0725118, -0.0245437, 0.0306796, -0.0674952 
-0.0048034, -0.0329185, -0.0718234, -0.0245437, 0.0306796, -0.0674952 
-0.0048034, -0.0329185, -0.0718234, -0.0245437, 0.0306796, -0.0674952 
-0.0048809, -0.0330583, -0.0717234, -0.0245437, 0.0306796, -0.0674952 
-0.0048809, -0.0330583, -0.0717234, -0.0245437, 0.0306796, -0.0674952 
-0.0053913, -0.0323641, -0.0720636, -0.0245437, 0.0306796, -0.0674952 
-0.0054162, -0.0323577, -0.0719497, -0.0245437, 0.0306796, -0.0674952 
-0.0054162, -0.0323577, -0.0719497, -0.0245437, 0.0306796, -0.0674952 
-0.0050748, -0.0331769, -0.0717988, -0.0245437, 0.0306796, -0.0674952 
-0.0050748, -0.0331769, -0.0717988, -0.0245437, 0.0306796, -0.0674952 
-0.0056985, -0.0331289, -0.0715959, -0.0245437, 0.0306796, -0.0674952 
-0.0053077, -0.0332067, -0.0718935, -0.0245437, 0.0306796, -0.0674952 
-0.0053077, -0.0332067, -0.0718935, -0.0245437, 0.0306796, -0.0674952 
-0.0055264, -0.0334096, -0.0718004, -0.0245437, 0.0306796, -0.0674952 
-0.0053166, -0.0332567, -0.0719019, -0.0306796, 0.0122718, -0.0674952 
-0.0053226, -0.0330076, -0.0717333, -0.0306796, 0.0122718, -0.0674952 
-0.0046319, -0.0332591, -0.0719560, -0.0245437, 0.0306796, -0.0674952 
-0.0041373, -0.0335748, -0.0719861, -0.0245437, 0.0306796, -0.0674952 
-0.0028847, -0.0342626, -0.0722430, -0.0245437, 0.0306796, -0.0674952 
-0.0028847, -0.0342626, -0.0722430, -0.0245437, 0.0306796, -0.0674952 
-0.0040950, -0.0320885, -0.0721323, -0.0245437, 0.0306796, -0.0674952 
-0.0029648, -0.0332601, -0.0718120, -0.0245437, 0.0245437, -0.0674952 
-0.0029648, -0.0332601, -0.0718120, -0.0245437, 0.0245437, -0.0674952 
-0.0036256, -0.0319086, -0.0719576, -0.0245437, 0.0306796, -0.0674952 
-0.0025972, -0.0331994, -0.0714724, -0.0245437, 0.0306796, -0.0674952 
-0.0025972, -0.0331994, -0.0714724, -0.0245437, 0.0306796, -0.0674952 
-0.0025972, -0.0331994, -0.0714724, -0.0245437, 0.0306796, -0.0674952 
-0.0019272, -0.0348601, -0.0706612, -0.0245437, 0.0306796, -0.0674952 
-0.0019272, -0.0348601, -0.0706612, -0.0245437, 0.0306796, -0.0674952 
-0.0021378, -0.0338962, -0.0709798, -0.0245437, 0.0306796, -0.0674952 
-0.0028240, -0.0327662, -0.0710337, -0.0245437, 0.0245437, -0.0674952 
-0.0028240, -0.0327662, -0.0710337, -0.0245437, 0.0245437, -0.0674952 
-0.0036635, -0.0321197, -0.0710920, -0.0245437, 0.0306796, -0.0674952 
-0.0036635, -0.0321197, -0.0710920, -0.0245437, 0.0306796, -0.0674952 
-0.0034866, -0.0330810, -0.0709713, -0.0245437, 0.0306796, -0.0674952 
-0.0034866, -0.0330810, -0.0709713, -0.0245437, 0.0306796, -0.0674952 
-0.0044416, -0.0327725, -0.0703946, -0.0245437, 0.0306796, -0.0674952 
-0.0044416, -0.0327725, -0.0703946, -0.0245437, 0.0306796, -0.0674952 
-0.0037023, -0.0336307, -0.0704291, -0.0245437, 0.0306796, -0.0674952 
-0.0037023, -0.0336307, -0.0704291, -0.0245437, 0.0306796, -0.0674952 
-0.0036285, -0.0349968, -0.0697530, -0.0245437, 0.0306796, -0.0674952 
-0.0045875, -0.0341238, -0.0701523, -0.0245437, 0.0306796, -0.0674952 
-0.0045875, -0.0341238, -0.0701523, -0.0245437, 0.0306796, -0.0674952 
-0.0030157, -0.0375806, -0.0697604, -0.0245437, 0.0306796, -0.0674952 
-0.0030157, -0.0375806, -0.0697604, -0.0245437, 0.0306796, -0.0674952 
-0.0028548, -0.0378878, -0.0700924, -0.0245437, 0.0306796, -0.0674952 
-0.0021440, -0.0384701, -0.0704770, -0.0245437, 0.0306796, -0.0674952 
-0.0023016, -0.0381359, -0.0704390, -0.0245437, 0.0306796, -0.0674952 
-0.0023016, -0.0381359, -0.0704390, -0.0245437, 0.0306796, -0.0674952 
-0.0020921, -0.0384236, -0.0705009, -0.0245437, 0.0306796, -0.0674952 
-0.0020921, -0.0384236, -0.0705009, -0.0245437, 0.0306796, -0.0674952 
-0.0020202, -0.0388107, -0.0702558, -0.0245437, 0.0306796, -0.0674952 
-0.0024508, -0.0378056, -0.0706933, -0.0245437, 0.0306796, -0.0674952 
-0.0024508, -0.0378056, -0.0706933, -0.0245437, 0.0306796, -0.0674952 
-0.0023434, -0.0384912, -0.0706162, -0.0245437, 0.0306796, -0.0674952 
-0.0023434, -0.0384912, -0.0706162, -0.0245437, 0.0245437, -0.0674952 
-0.0042225, -0.0350792, -0.0716557, -0.0245437, 0.0245437, -0.0674952 
-0.0047960, -0.0349773, -0.0712430, -0.0245437, 0.0306796, -0.0674952 
-0.0047960, -0.0349773, -0.0712430, -0.0245437, 0.0306796, -0.0674952 
-0.0044504, -0.0349554, -0.0714848, -0.0245437, 0.0306796, -0.0674952 
-0.0021816, -0.0381842, -0.0712391, -0.0245437, 0.0306796, -0.0674952 
-0.0021661, -0.0383072, -0.0714319, -0.0245437, 0.0306796, -0.0674952 
-0.0027275, -0.0381184, -0.0710198, -0.0245437, 0.0306796, -0.0674952 
-0.0027275, -0.0381184, -0.0710198, -0.0245437, 0.0306796, -0.0674952 
-0.0030948, -0.0389777, -0.0709514, -0.0245437, 0.0306796, -0.0674952 
-0.0030948, -0.0389777, -0.0709514, -0.0245437, 0.0306796, -0.0674952 
-0.0029354, -0.0392041, -0.0706833, -0.0245437, -0.0122718, -0.0674952 
-0.0030914, -0.0387588, -0.0708564, -0.0245437, 0.0245437, -0.0674952 
-0.0021982, -0.0396960, -0.0706813, -0.0245437, 0.0245437, -0.0674952 
-0.0021982, -0.0396960, -0.0706813, -0.0245437, 0.0245437, -0.0674952 
-0.0021196, -0.0389575, -0.0709391, -0.0245437, 0.0306796, -0.0674952 
-0.0021196, -0.0389575, -0.0709391, -0.0245437, 0.0306796, -0.0674952 
-0.0038940, -0.0357084, -0.0713458, -0.0245437, 0.0306796, -0.0674952 
-0.0035301, -0.0358451, -0.0712522, -0.0245437, 0.0306796, -0.0674952 
-0.0035301, -0.0358451, -0.0712522, -0.0245437, 0.0245437, -0.0674952 
-0.0043829, -0.0341852, -0.0711258, -0.0245437, 0.0552233, -0.0674952 
-0.0043829, -0.0341852, -0.0711258, -0.0245437, 0.0552233, -0.0674952 
-0.0040233, -0.0341957, -0.0714415, -0.0245437, 0.0306796, -0.0674952 
-0.0046220, -0.0335064, -0.0711973, -0.0245437, 0.0306796, -0.0674952 
-0.0046220, -0.0335064, -0.0711973, -0.0245437, 0.0306796, -0.0674952 
-0.0046314, -0.0339683, -0.0707741, -0.0245437, 0.0306796, -0.0674952 
-0.0042517, -0.0349786, -0.0703455, -0.0245437, 0.0306796, -0.0674952 
-0.0051757, -0.0336872, -0.0704462, -0.0245437, 0.0306796, -0.0674952 
-0.0051757, -0.0336872, -0.0704462, -0.0245437, 0.0306796, -0.0674952 
-0.0012890, -0.0395173, -0.0693936, -0.0245437, 0.0306796, -0.0674952 
-0.0012890, -0.0395173, -0.0693936, -0.0245437, 0.0306796, -0.0674952 
-0.0022119, -0.0376575, -0.0697377, -0.0245437, 0.0306796, -0.0674952 
-0.0041339, -0.0355605, -0.0691291, -0.0245437, 0.0306796, -0.0674952 
-0.0046316, -0.0345075, -0.0692232, -0.0245437, 0.0306796, -0.0674952 
-0.0049704, -0.0338677, -0.0691492, -0.0245437, 0.0306796, -0.0674952 
-0.0049704, -0.0338677, -0.0691492, -0.0245437, 0.0306796, -0.0674952 
-0.0040975, -0.0349416, -0.0687334, -0.0245437, 0.0306796, -0.0674952 
-0.0037376, -0.0350357, -0.0686658, -0.0245437, 0.0306796, -0.0674952 
-0.0029377, -0.0365593, -0.0684838, -0.0245437, 0.0306796, -0.0674952 
-0.0029377, -0.0365593, -0.0684838, -0.0245437, 0.0306796, -0.0552233 
-0.0031164, -0.0351363, -0.0688029, -0.0245437, 0.0306796, -0.0552233 
-0.0020605, -0.0360595, -0.0688365, -0.0245437, 0.0306796, -0.0552233 
-0.0026748, -0.0342882, -0.0692917, -0.0245437, 0.0552233, -0.0736311 
-0.0018836, -0.0354070, -0.0693356, -0.0245437, 0.0552233, -0.0736311 
-0.0045448, -0.0305045, -0.0713602, -0.0245437, 0.0552233, -0.0736311 
-0.0045448, -0.0305045, -0.0713602, -0.0245437, 0.0306796, -0.0674952 
-0.0038790, -0.0303533, -0.0717255, -0.0245437, 0.0306796, -0.0674952 
-0.0038790, -0.0303533, -0.0717255, -0.0245437, 0.0306796, -0.0674952 
-0.0040888, -0.0300135, -0.0717083, -0.0245437, 0.0306796, -0.0674952 
-0.0040367, -0.0289215, -0.0721269, -0.0245437, 0.0306796, -0.0674952 
-0.0040367, -0.0289215, -0.0721269, -0.0245437, 0.0306796, -0.0674952 
-0.0042490, -0.0299389, -0.0713091, -0.0245437, 0.0306796, -0.0674952 
-0.0043522, -0.0301196, -0.0717724, -0.0245437, 0.0306796, -0.0674952 
-0.0050116, -0.0288223, -0.0721958, -0.0368155, 0.0306796, -0.0674952 
-0.0053365, -0.0288993, -0.0725833, -0.0245437, 0.0306796, -0.0674952 
-0.0053365, -0.0288993, -0.0725833, -0.0245437, 0.0306796, -0.0674952 
-0.0046250, -0.0297875, -0.0724138, -0.0245437, 0.0306796, -0.0674952 
-0.0046250, -0.0297875, -0.0724138, -0.0245437, 0.0306796, -0.0674952 
-0.0033773, -0.0313886, -0.0732937, -0.0245437, 0.0306796, -0.0674952 
-0.0009985, -0.0336623, -0.0740040, -0.0245437, 0.0245437, -0.0674952 
-0.0009985, -0.0336623, -0.0740040, -0.0245437, 0.0245437, -0.0674952 
0.0005988, -0.0360657, -0.0748407, -0.0245437, 0.0306796, -0.0674952 
0.0005988, -0.0360657, -0.0748407, -0.0245437, 0.0306796, -0.0674952 
0.0025089, -0.0393168, -0.0751900, -0.0245437, 0.0306796, -0.0674952 
-0.0005589, -0.0349109, -0.0753891, -0.0245437, 0.0306796, -0.0674952 
-0.0008431, -0.0351711, -0.0749588, -0.0245437, 0.0306796, -0.0674952 
-0.0013844, -0.0342582, -0.0749531, -0.0245437, 0.0306796, -0.0674952 
-0.0013844, -0.0342582, -0.0749531, -0.0245437, 0.0306796, -0.0674952 
-0.0022797, -0.0328263, -0.0745830, -0.0245437, 0.0306796, -0.0674952 
-0.0049338, -0.0286045, -0.0739142, -0.0245437, 0.0306796, -0.0674952 
-0.0047991, -0.0292985, -0.0734150, -0.0245437, 0.0306796, -0.0674952 
-0.0051079, -0.0286479, -0.0732322, -0.0245437, 0.0245437, -0.0674952 
-0.0056514, -0.0289539, -0.0727143, -0.0245437, 0.0245437, -0.0674952 
-0.0056514, -0.0289539, -0.0727143, -0.0245437, 0.0306796, -0.0674952 
-0.0052546, -0.0298654, -0.0727233, -0.0245437, 0.0306796, -0.0674952 
-0.0055486, -0.0294338, -0.0724882, -0.0245437, 0.0306796, -0.0674952 
-0.0055486, -0.0294338, -0.0724882, -0.0245437, 0.0245437, -0.0674952 
-0.0061616, -0.0288226, -0.0725196, -0.0245437, 0.0306796, -0.0674952 
-0.0061616, -0.0288226, -0.0725196, -0.0245437, 0.0306796, -0.0674952 
-0.0068131, -0.0292922, -0.0724270, -0.0245437, 0.0306796, -0.0674952 
-0.0052100, -0.0332359, -0.0723213, -0.0245437, 0.0552233, -0.0674952 
-0.0052100, -0.0332359, -0.0723213, -0.0245437, 0.0552233, -0.0674952 
-0.0016835, -0.0414192, -0.0728840, -0.0245437, 0.0306796, -0.0674952 
-0.0046073, -0.0387902, -0.0740641, -0.0245437, 0.0306796, -0.0674952 
-0.0053444, -0.0389742, -0.0743624, -0.0245437, 0.0306796, -0.0674952 
-0.0053444, -0.0389742, -0.0743624, -0.0245437, 0.0306796, -0.0674952 
-0.0052640, -0.0406556, -0.0747336, -0.0245437, 0.0306796, -0.0674952 
-0.0100657, -0.0375820, -0.0770840, -0.0245437, 0.0306796, -0.0674952 
-0.0110020, -0.0382957, -0.0783486, -0.0245437, 0.0306796, -0.0674952 
-0.0110020, -0.0382957, -0.0783486, -0.0245437, 0.0306796, -0.0674952 
-0.0110020, -0.0382957, -0.0783486, -0.0245437, 0.0306796, -0.0674952 
-0.0207988, -0.0336521, -0.0816781, -0.0245437, 0.0306796, -0.0674952 
-0.0207988, -0.0336521, -0.0816781, -0.0245437, 0.0306796, -0.0674952 
-0.0227355, -0.0422907, -0.0902492, -0.0245437, 0.0552233, -0.0674952 
-0.0227355, -0.0422907, -0.0902492, -0.0245437, 0.0552233, -0.0674952 
-0.0326695, -0.0432513, -0.0964729, -0.0245437, 0.0306796, -0.0674952 
-0.0326695, -0.0432513, -0.0964729, -0.0245437, 0.0306796, -0.0674952 
-0.0326695, -0.0432513, -0.0964729, -0.0245437, 0.0306796, -0.0674952 
-0.0521443, -0.0376034, -0.1034518, -0.0245437, 0.0306796, -0.0674952 
-0.0621739, -0.0511403, -0.1106763, -0.0245437, 0.0306796, -0.0674952 
-0.0666019, -0.0520122, -0.1131254, -0.0245437, 0.0306796, 0.0000000 
-0.0666019, -0.0520122, -0.1131254, -0.0245437, 0.0306796, 0.0000000 
-0.0767697, -0.0505190, -0.1177971, -0.0245437, 0.0306796, 0.0000000 
-0.0885439, -0.0508308, -0.1206078, -0.0245437, 0.0245437, -0.0674952 
-0.0994581, -0.0505626, -0.1239165, -0.0245437, 0.0122718, -0.0674952 
-0.0994581, -0.0505626, -0.1239165, -0.0245437, 0.0122718, -0.0736311 
-0.1352868, -0.0529153, -0.1344306, -0.0245437, 0.0122718, -0.0736311 
-0.1352868, -0.0529153, -0.1344306, -0.0245437, 0.0122718, -0.0674952 
-0.1576810, -0.0473784, -0.1368931, -0.0245437, 0.0122718, -0.0674952 
-0.1665227, -0.0536937, -0.1364615, -0.0245437, 0.0184078, -0.0674952 
-0.1777575, -0.0548000, -0.1372402, -0.0368155, 0.0245437, -0.0674952 
-0.1887152, -0.0603048, -0.1369285, -0.0368155, 0.0245437, -0.0674952 
-0.1887152, -0.0603048, -0.1369285, -0.0368155, 0.0122718, -0.0674952 
-0.1887152, -0.0603048, -0.1369285, -0.0368155, 0.0122718, -0.0674952 
-0.2094842, -0.0635627, -0.1355506, -0.0368155, 0.0122718, -0.0674952 
-0.2310912, -0.0590914, -0.1338679, -0.0368155, 0.0122718, -0.0674952 
-0.2310912, -0.0590914, -0.1338679, -0.0368155, 0.0122718, -0.0674952 
-0.2451932, -0.0719757, -0.1311051, -0.0368155, 0.0061359, -0.0674952 
-0.2575345, -0.0691781, -0.1285809, -0.0674952, 0.0061359, -0.0674952 
-0.2575345, -0.0691781, -0.1285809, -0.0674952, 0.0061359, -0.0674952 
-0.2629529, -0.0768630, -0.1260853, -0.0674952, 0.0061359, -0.0674952 
-0.2629529, -0.0768630, -0.1260853, -0.0920388, 0.0061359, -0.0674952 
-0.2798759, -0.0805721, -0.1189611, -0.0920388, 0.0061359, -0.0674952 
-0.2798759, -0.0805721, -0.1189611, -0.0920388, 0.0061359, -0.0674952 
-0.2942514, -0.0884069, -0.1117849, -0.0920388, -0.0122718, -0.0674952 
-0.3045563, -0.0940881, -0.1055050, -0.1043107, -0.0061359, -0.0674952 
-0.3142812, -0.0978037, -0.1044350, -0.1043107, -0.0061359, -0.0674952 
-0.3222810, -0.0973583, -0.0995682, -0.1227185, -0.0184078, -0.0674952 
-0.3222810, -0.0973583, -0.0995682, -0.1227185, -0.0184078, -0.0674952 
-0.3393042, -0.1035565, -0.0939981, -0.1349903, -0.0245437, -0.0613592 
-0.3456110, -0.1128155, -0.0942309, -0.1411262, -0.0245437, -0.0674952 
-0.3544797, -0.1099342, -0.0896809, -0.1411262, -0.0245437, -0.0674952 
-0.3564350, -0.1194667, -0.0913941, -0.1533981, -0.0306796, -0.0674952 
-0.3728399, -0.1181723, -0.0863838, -0.1533981, -0.0306796, -0.0674952 
-0.3728399, -0.1181723, -0.0863838, -0.1533981, -0.0306796, -0.0674952 
-0.3753664, -0.1270580, -0.0865904, -0.1840777, -0.0368155, -0.0674952 
-0.3753664, -0.1270580, -0.0865904, -0.1840777, -0.0368155, -0.0674952 
-0.3882715, -0.1275808, -0.0836743, -0.2024855, -0.0429515, -0.0674952 
-0.4083087, -0.1325129, -0.0806729, -0.2147573, -0.0490874, -0.0674952 
-0.4206321, -0.1396008, -0.0806069, -0.2147573, -0.0552233, -0.0552233 
-0.4206321, -0.1396008, -0.0806069, -0.2147573, -0.0552233, -0.0552233 
-0.4206321, -0.1396008, -0.0806069, -0.2147573, -0.0552233, -0.0552233 
-0.4405250, -0.1427661, -0.0779082, -0.2147573, -0.0674952, -0.0674952 
-0.4605483, -0.1462217, -0.0738596, -0.2393010, -0.0736311, -0.0674952 
-0.4665641, -0.1483330, -0.0759334, -0.3313398, -0.0674952, -0.0674952 
-0.4665641, -0.1483330, -0.0759334, -0.3313398, -0.0674952, -0.0674952 
-0.4839411, -0.1526576, -0.0713515, -0.2883884, -0.0674952, -0.0674952 
-0.4839411, -0.1526576, -0.0713515, -0.2883884, -0.0674952, -0.0674952 
-0.4953041, -0.1631453, -0.0662267, -0.3374758, -0.0859029, -0.0674952 
-0.5062055, -0.1570534, -0.0630797, -0.3374758, -0.0859029, -0.0674952 
-0.5062055, -0.1570534, -0.0630797, -0.3129321, -0.0859029, -0.0674952 
-0.5065464, -0.1636252, -0.0610573, -0.3129321, -0.0859029, -0.0674952 
-0.5091860, -0.1650282, -0.0610583, -0.3129321, -0.0859029, -0.0674952 
-0.5201494, -0.1680031, -0.0557241, -0.3129321, -0.0859029, -0.0674952 
-0.5380696, -0.1590386, -0.0488795, -0.3252039, -0.0859029, -0.0736311 
-0.5380696, -0.1590386, -0.0488795, -0.3252039, -0.0859029, -0.0736311 
-0.5441550, -0.1660544, -0.0419275, -0.3374758, -0.1902136, -0.0674952 
-0.5504010, -0.1624854, -0.0383002, -0.3497476, -0.0920388, -0.0736311 
-0.5504010, -0.1624854, -0.0383002, -0.3497476, -0.0920388, -0.0736311 
-0.5543308, -0.1722259, -0.0294195, -0.3497476, -0.0920388, -0.0736311 
-0.5543308, -0.1722259, -0.0294195, -0.3558835, -0.0981748, -0.0674952 
-0.5597281, -0.1686930, -0.0220716, -0.3558835, -0.0920388, -0.0736311 
-0.5597281, -0.1686930, -0.0220716, -0.3558835, -0.0920388, -0.0736311 
-0.5622483, -0.1772109, -0.0154279, -0.3558835, -0.0981748, -0.0674952 
-0.5622483, -0.1772109, -0.0154279, -0.3558835, -0.0981748, -0.0674952 
-0.5646682, -0.1728110, -0.0115603, -0.3681554, -0.1043107, -0.0674952 
-0.5690141, -0.1667932, -0.0025966, -0.3558835, -0.1043107, -0.0736311 
-0.5659938, -0.1708206, 0.0022884, -0.3558835, -0.1043107, -0.0736311 
-0.5659938, -0.1708206, 0.0022884, -0.3558835, -0.1043107, -0.0736311 
-0.5659938, -0.1708206, 0.0022884, -0.3558835, -0.1043107, -0.0736311 
-0.5669394, -0.1695256, 0.0142451, -0.3558835, -0.1043107, -0.0859029 
-0.5670795, -0.1672739, 0.0202681, -0.3558835, -0.1043107, -0.0859029 
-0.5643728, -0.1769502, 0.0228958, -0.3804272, -0.1104466, -0.0736311 
-0.5650501, -0.1763235, 0.0267633, -0.3681554, -0.1043107, -0.0736311 
-0.5654743, -0.1743492, 0.0302660, -0.3681554, -0.1043107, -0.0736311 
-0.5621814, -0.1765914, 0.0325464, -0.3620195, -0.1104466, -0.0736311 
-0.5650870, -0.1694108, 0.0362412, -0.3620195, -0.1104466, -0.0736311 
-0.5636725, -0.1683679, 0.0369148, -0.3620195, -0.1104466, -0.0736311 
-0.5636725, -0.1683679, 0.0369148, -0.3497476, -0.1043107, -0.0674952 
-0.5641168, -0.1684396, 0.0378461, -0.3681554, -0.0859029, -0.0736311 
-0.5608647, -0.1720353, 0.0387914, -0.3620195, -0.1104466, -0.0736311 
-0.5621782, -0.1692276, 0.0396112, -0.3620195, -0.1104466, -0.0736311 
-0.5616295, -0.1695377, 0.0396602, -0.3620195, -0.1104466, -0.0674952 
-0.5616295, -0.1695377, 0.0396602, -0.3620195, -0.1104466, -0.0674952 
-0.5603198, -0.1705721, 0.0400810, -0.3681554, -0.1104466, -0.0674952 
-0.5568438, -0.1744628, 0.0393680, -0.3681554, -0.1043107, -0.0674952 
-0.5568438, -0.1744628, 0.0393680, -0.3681554, -0.1043107, -0.0674952 
-0.5571367, -0.1740571, 0.0403135, -0.3681554, -0.1104466, -0.0490874 
-0.5568364, -0.1751514, 0.0404170, -0.3681554, -0.1104466, -0.0490874 
-0.5563742, -0.1758685, 0.0420816, -0.3681554, -0.1043107, -0.0613592 
-0.5563241, -0.1771133, 0.0433072, -0.3681554, -0.1104466, -0.0613592 
-0.5564831, -0.1790774, 0.0452877, -0.3681554, -0.1104466, -0.0613592 
-0.5611652, -0.1717526, 0.0476977, -0.3681554, -0.1104466, -0.0613592 
-0.5602924, -0.1739140, 0.0482406, -0.3681554, -0.1104466, -0.0613592 
-0.5599082, -0.1754326, 0.0483911, -0.3681554, -0.1104466, -0.0613592 
-0.5599082, -0.1754326, 0.0483911, -0.3681554, -0.0797670, -0.0613592 
-0.5583091, -0.1775052, 0.0492604, -0.3681554, -0.0797670, -0.0613592 
-0.5583091, -0.1775052, 0.0492604, -0.3681554, -0.0797670, -0.0613592 
-0.5583091, -0.1775052, 0.0492604, -0.3681554, -0.0920388, -0.0613592 
-0.5560847, -0.1775267, 0.0494207, -0.3681554, -0.1104466, -0.0613592 
-0.5560847, -0.1775267, 0.0494207, -0.3681554, -0.1043107, -0.0613592 
-0.5597810, -0.1733151, 0.0547363, -0.3681554, -0.1043107, -0.0613592 
-0.5619633, -0.1744836, 0.0570236, -0.3681554, -0.1104466, -0.0674952 
-0.5619633, -0.1744836, 0.0570236, -0.3681554, -0.1104466, -0.0674952 
-0.5590987, -0.1823611, 0.0579455, -0.3681554, -0.1043107, -0.0552233 
-0.5597748, -0.1810010, 0.0620990, -0.3681554, -0.1104466, -0.0552233 
-0.5623423, -0.1785336, 0.0647185, -0.3681554, -0.1104466, -0.0552233 
-0.5619704, -0.1811297, 0.0656229, -0.3681554, -0.1104466, -0.0368155 
-0.5619704, -0.1811297, 0.0656229, -0.3681554, -0.1104466, -0.0368155 
-0.5578037, -0.1914126, 0.0674400, -0.3681554, -0.1104466, -0.0552233 
-0.5583645, -0.1879089, 0.0703487, -0.3681554, -0.1165825, -0.0552233 
-0.5583645, -0.1879089, 0.0703487, -0.3681554, -0.1165825, -0.0552233 
-0.5606555, -0.1893051, 0.0721669, -0.3681554, -0.1165825, -0.0552233 
-0.5601718, -0.1904846, 0.0728789, -0.3681554, -0.1165825, -0.0552233 
-0.5601718, -0.1904846, 0.0728789, -0.3681554, -0.1165825, -0.0490874 
-0.5580744, -0.1930072, 0.0742791, -0.3681554, -0.1165825, -0.0490874 
-0.5580744, -0.1930072, 0.0742791, -0.3681554, -0.1165825, -0.0552233 
-0.5540646, -0.1957979, 0.0744805, -0.3681554, -0.1165825, -0.0552233 
-0.5540646, -0.1957979, 0.0744805, -0.3681554, -0.1165825, -0.0552233 
-0.5514207, -0.1966955, 0.0752003, -0.3620195, -0.1349903, -0.0490874 
-0.5517209, -0.1922641, 0.0763417, -0.3620195, -0.1349903, -0.0490874 
-0.5501480, -0.1909654, 0.0763783, -0.3620195, -0.1349903, -0.0490874 
-0.5458241, -0.1904843, 0.0762668, -0.3681554, -0.1165825, -0.0552233 
-0.5413020, -0.1897393, 0.0770962, -0.3681554, -0.1165825, -0.0552233 
-0.5413020, -0.1897393, 0.0770962, -0.3681554, -0.1165825, -0.0552233 
-0.5323202, -0.1949832, 0.0756498, -0.3681554, -0.1165825, -0.0552233 
-0.5290755, -0.1936727, 0.0759184, -0.3681554, -0.1165825, -0.0552233 
-0.5172476, -0.1920030, 0.0799028, -0.3681554, -0.1227185, -0.0552233 
-0.5158288, -0.1871086, 0.0816876, -0.3681554, -0.1165825, -0.0552233 
-0.5026410, -0.1904668, 0.0864093, -0.3681554, -0.1165825, -0.0552233 
-0.5026410, -0.1904668, 0.0864093, -0.3681554, -0.1165825, -0.0552233 
-0.5026410, -0.1904668, 0.0864093, -0.3681554, -0.1165825, -0.0552233 
-0.4866504, -0.1846677, 0.0940899, -0.3681554, -0.1165825, -0.0552233 
-0.4788122, -0.1787757, 0.1003315, -0.3681554, -0.1165825, -0.0552233 
-0.4708267, -0.1797355, 0.1042142, -0.3681554, -0.1165825, -0.0674952 
-0.4625087, -0.1835275, 0.1074966, -0.3681554, -0.1165825, -0.0674952 
-0.4625087, -0.1835275, 0.1074966, -0.3681554, -0.1165825, -0.0674952 
-0.4553680, -0.1817580, 0.1105613, -0.3681554, -0.1043107, 0.0122718 
-0.4443780, -0.1784944, 0.1114126, -0.3742913, -0.1165825, -0.0552233 
-0.4345979, -0.1757315, 0.1134094, -0.3742913, -0.1165825, -0.0552233 
-0.4304961, -0.1696075, 0.1160209, -0.3681554, -0.1104466, -0.0490874 
-0.4228715, -0.1658856, 0.1184205, -0.3681554, -0.1104466, -0.0490874 
-0.4165950, -0.1653706, 0.1188491, -0.3681554, -0.1104466, -0.0429515 
-0.4045428, -0.1641497, 0.1197415, -0.3374758, -0.1104466, -0.0429515 
-0.3914870, -0.1641909, 0.1169476, -0.3865632, -0.0920388, -0.0429515 
-0.3677433, -0.1585183, 0.1183844, -0.3865632, -0.0920388, -0.0429515 
-0.3538695, -0.1573202, 0.1167015, -0.3804272, -0.0920388, -0.0429515 
-0.3538695, -0.1573202, 0.1167015, -0.3804272, -0.0920388, -0.0429515 
-0.3394493, -0.1596278, 0.1175024, -0.3804272, -0.0920388, -0.0429515 
-0.3206590, -0.1502252, 0.1165753, -0.3804272, -0.0920388, -0.0429515 
-0.3079637, -0.1514189, 0.1170000, -0.3804272, -0.0920388, -0.0368155 
-0.2895633, -0.1480915, 0.1149927, -0.3804272, -0.0920388, -0.0429515 
-0.2789160, -0.1500836, 0.1157754, -0.3804272, -0.0920388, -0.0429515 
-0.2573757, -0.1490080, 0.1134079, -0.3804272, -0.0920388, -0.0429515 
-0.2502433, -0.1408269, 0.1137441, -0.3804272, -0.0920388, -0.0429515 
-0.2281522, -0.1453613, 0.1120054, -0.3804272, -0.0859029, -0.0306796 
-0.2247788, -0.1429273, 0.1146091, -0.3804272, -0.0859029, -0.0306796 
-0.2115354, -0.1322091, 0.1105296, -0.3804272, -0.0613592, -0.0306796 
-0.1936509, -0.1368432, 0.1114736, -0.3804272, -0.0736311, -0.0306796 
-0.1882679, -0.1303545, 0.1099069, -0.3804272, -0.0736311, -0.0306796 
-0.1882679, -0.1303545, 0.1099069, -0.3620195, -0.0859029, -0.0306796 
-0.1652735, -0.1297886, 0.1087286, -0.3620195, -0.0859029, -0.0306796 
-0.1353410, -0.1245488, 0.1064229, -0.3620195, -0.0859029, -0.0306796 
-0.1353410, -0.1245488, 0.1064229, -0.3620195, -0.0674952, -0.0306796 
-0.1119193, -0.1183769, 0.1036009, -0.2945243, -0.0490874, -0.0245437 
-0.0958888, -0.1216667, 0.1039431, -0.2638447, -0.0490874, -0.0184078 
-0.0786067, -0.1153638, 0.1004937, -0.2638447, -0.0490874, -0.0184078 
-0.0786067, -0.1153638, 0.1004937, -0.1902136, -0.0552233, -0.0245437 
-0.0479506, -0.1119258, 0.0981906, -0.1902136, -0.0552233, -0.0245437 
-0.0345833, -0.1044165, 0.0957545, -0.1902136, -0.0552233, -0.0245437 
-0.0345833, -0.1044165, 0.0957545, -0.1902136, -0.0552233, -0.0245437 
0.0015993, -0.1067863, 0.0918002, -0.1411262, -0.0429515, -0.0245437 
0.0015993, -0.1067863, 0.0918002, -0.1411262, -0.0429515, -0.0245437 
0.0297787, -0.1035106, 0.0866990, -0.1411262, -0.0429515, -0.0245437 
0.0334561, -0.0918798, 0.0858928, -0.1411262, -0.0429515, -0.0184078 
0.0440860, -0.0978994, 0.0853536, -0.1411262, -0.0429515, -0.0184078 
0.0812436, -0.0903343, 0.0785315, -0.1411262, -0.0429515, -0.0184078 
0.1032436, -0.0905825, 0.0746335, -0.1227185, -0.0429515, 0.0000000 
0.1032436, -0.0905825, 0.0746335, -0.1165825, -0.0245437, -0.0184078 
0.1382024, -0.0773158, 0.0695547, -0.1165825, -0.0245437, -0.0184078 
0.1382024, -0.0773158, 0.0695547, -0.0674952, -0.0245437, -0.0122718 
0.1729321, -0.0761389, 0.0623160, -0.0674952, -0.0245437, -0.0122718 
0.1931747, -0.0687555, 0.0563882, -0.0061359, -0.0245437, -0.0245437 
0.2130288, -0.0622324, 0.0511872, 0.0429515, -0.0245437, -0.0122718 
0.2130288, -0.0622324, 0.0511872, 0.0429515, -0.0245437, -0.0122718 
0.2330438, -0.0575093, 0.0463395, 0.0429515, -0.0245437, -0.0122718 
0.2529333, -0.0518460, 0.0396276, 0.0797670, -0.0061359, -0.0122718 
0.2732840, -0.0469212, 0.0349690, 0.0797670, -0.0061359, -0.0122718 
0.2842028, -0.0452497, 0.0293638, 0.1043107, 0.0061359, -0.0920388 
0.3174660, -0.0335970, 0.0177961, 0.1288544, 0.0122718, 0.0000000 
0.3289511, -0.0375283, 0.0172844, 0.1288544, 0.0122718, 0.0000000 
0.3525479, -0.0275022, 0.0068232, 0.1349903, 0.0245437, 0.0000000 
0.3525479, -0.0275022, 0.0068232, 0.1349903, 0.0245437, 0.0000000 
0.3525479, -0.0275022, 0.0068232, 0.1533981, 0.0306796, 0.0000000 
0.3884223, -0.0261584, -0.0040030, 0.1533981, 0.0306796, 0.0000000 
0.4083523, -0.0180681, -0.0117474, 0.1902136, 0.0306796, 0.0000000 
0.4083523, -0.0180681, -0.0117474, 0.1902136, 0.0306796, 0.0000000 
0.4197420, -0.0120990, -0.0168776, 0.2515728, 0.0552233, 0.0000000 
0.4525719, -0.0105685, -0.0277972, 0.2515728, 0.0552233, 0.0000000 
0.4649502, -0.0057497, -0.0307649, 0.2883884, 0.0552233, 0.0000000 
0.4770642, -0.0034834, -0.0333565, 0.2883884, 0.0552233, 0.0000000 
0.4968538, -0.0099002, -0.0358309, 0.3006602, 0.0552233, -0.0061359 
0.5056371, -0.0020623, -0.0402688, 0.3190680, 0.0613592, 0.0061359 
0.5056371, -0.0020623, -0.0402688, 0.3190680, 0.0613592, 0.0061359 
0.5273479, -0.0017256, -0.0425381, 0.3252039, 0.0613592, -0.0061359 
0.5273479, -0.0017256, -0.0425381, 0.3252039, 0.0613592, -0.0061359 
0.5537971, -0.0027575, -0.0444580, 0.3252039, 0.0613592, -0.0061359 
0.5537971, -0.0027575, -0.0444580, 0.3497476, 0.0613592, -0.1533981 
0.5537971, -0.0027575, -0.0444580, 0.3497476, 0.0613592, -0.1533981 
0.5713433, 0.0047886, -0.0452071, 0.3681554, 0.0613592, -0.0429515 
0.5713433, 0.0047886, -0.0452071, 0.3681554, 0.0613592, -0.0429515 
0.5953950, 0.0076901, -0.0447625, 0.4049709, 0.0613592, -0.0859029 
0.6042946, 0.0077730, -0.0437199, 0.4049709, 0.0613592, -0.0859029 
0.6118875, 0.0073831, -0.0413614, 0.3926991, 0.0613592, -0.0797670 
0.6179760, 0.0088926, -0.0412233, 0.3926991, 0.0613592, -0.0797670 
0.6223298, 0.0105399, -0.0417970, 0.3926991, 0.0613592, -0.0797670 
0.6286315, 0.0089513, -0.0399831, 0.4049709, 0.0613592, -0.0552233 
0.6323014, 0.0102409, -0.0390958, 0.4049709, 0.0736311, -0.0552233 
0.6323014, 0.0102409, -0.0390958, 0.4049709, 0.0736311, -0.0552233 
0.6374046, 0.0085452, -0.0351333, 0.4049709, 0.0920388, -0.0490874 
0.6380960, 0.0088936, -0.0348534, 0.4049709, 0.0920388, -0.0490874 
0.6394385, 0.0083913, -0.0328484, 0.4049709, 0.0797670, -0.0490874 
0.6417387, 0.0063611, -0.0299041, 0.4049709, 0.0736311, -0.0490874 
0.6417387, 0.0063611, -0.0299041, 0.4049709, 0.0736311, -0.0490874 
0.6417387, 0.0063611, -0.0299041, 0.4049709, 0.0736311, -0.0490874 
0.6431243, 0.0041826, -0.0286268, 0.4049709, 0.0613592, -0.0490874 
0.6431243, 0.0041826, -0.0286268, 0.4049709, 0.0613592, -0.0490874 
0.6409672, 0.0054955, -0.0321486, 0.4049709, 0.0613592, -0.0490874 
0.6396818, 0.0059279, -0.0343504, 0.4049709, 0.0674952, 0.0306796 
0.6390406, 0.0059856, -0.0361934, 0.4049709, 0.0613592, -0.0552233 
0.6388742, 0.0052699, -0.0378262, 0.4049709, 0.0613592, -0.0552233 
0.6388742, 0.0052699, -0.0378262, 0.4049709, 0.0613592, -0.0552233 
0.6379242, 0.0051685, -0.0390932, 0.4049709, 0.0613592, -0.0552233 
0.6378076, 0.0039019, -0.0394957, 0.4049709, 0.0613592, -0.0552233 
0.6366649, 0.0041748, -0.0401502, 0.4049709, 0.0613592, -0.0552233 
0.6359473, 0.0037901, -0.0393170, 0.4049709, 0.0613592, -0.0552233 
0.6359473, 0.0037901, -0.0393170, 0.4049709, 0.0613592, -0.0490874 
0.6363947, 0.0023867, -0.0381196, 0.4049709, 0.0613592, -0.0552233 
0.6387650, -0.0021129, -0.0349558, 0.4049709, 0.0613592, -0.0552233 
0.6378727, -0.0031096, -0.0333830, 0.4049709, 0.0613592, -0.0552233 
0.6378727, -0.0031096, -0.0333830, 0.4111069, 0.0613592, -0.0490874 
0.6378727, -0.0031096, -0.0333830, 0.4111069, 0.0613592, -0.0490874 
0.6341601, 0.0000732, -0.0327765, 0.4049709, 0.0613592, -0.0490874 
0.6368479, -0.0037747, -0.0310570, 0.3926991, 0.0613592, -0.0490874 
0.6382137, -0.0060858, -0.0293814, 0.3926991, 0.0613592, -0.0490874 
0.6373214, -0.0058294, -0.0296154, 0.3926991, 0.0613592, -0.0490874 
0.6373214, -0.0058294, -0.0296154, 0.3926991, 0.0613592, -0.0490874 
0.6364990, -0.0065231, -0.0303061, 0.4172428, 0.0613592, -0.0490874 
0.6372129, -0.0084427, -0.0298742, 0.4172428, 0.0613592, -0.0490874 
0.6398282, -0.0125426, -0.0288467, 0.4111069, 0.0613592, -0.0490874 
0.6404297, -0.0138265, -0.0283100, 0.4111069, 0.0613592, -0.0490874 
0.6404297, -0.0138265, -0.0283100, 0.4111069, 0.0613592, -0.0490874 
0.6410529, -0.0145770, -0.0289894, 0.4111069, 0.0613592, -0.0552233 
0.6411079, -0.0153252, -0.0288070, 0.4111069, 0.0613592, -0.0552233 
0.6403516, -0.0190189, -0.0305070, 0.4172428, -0.0184078, -0.0490874 
0.6403516, -0.0190189, -0.0305070, 0.4172428, -0.0184078, -0.0490874 
0.6389210, -0.0203170, -0.0320684, 0.4111069, 0.0490874, -0.0552233 
0.6349186, -0.0202158, -0.0366127, 0.4111069, 0.0490874, -0.0552233 
0.6355133, -0.0214050, -0.0357110, 0.4172428, 0.0552233, -0.0490874 
0.6360749, -0.0226692, -0.0357586, 0.4172428, 0.0552233, -0.0490874 
0.6400919, -0.0289408, -0.0335897, 0.4172428, 0.0490874, -0.0490874 
0.6404247, -0.0303917, -0.0340585, 0.4172428, 0.0490874, -0.0490874 
0.6404247, -0.0303917, -0.0340585, 0.4172428, 0.0490874, -0.0490874 
0.6408670, -0.0325204, -0.0342262, 0.4172428, 0.0429515, -0.0490874 
0.6405109, -0.0333985, -0.0344101, 0.4172428, 0.0368155, -0.0490874 
0.6399444, -0.0343450, -0.0363594, 0.4172428, 0.0368155, -0.0490874 
0.6387727, -0.0348910, -0.0371501, 0.3926991, 0.0306796, -0.0490874 
0.6380532, -0.0346528, -0.0377685, 0.3926991, 0.0306796, -0.0490874 
0.6373614, -0.0354822, -0.0383211, 0.4417865, 0.0306796, 0.0306796 
0.6338795, -0.0348355, -0.0384725, 0.4540583, 0.0306796, -0.0613592 
0.6338795, -0.0348355, -0.0384725, 0.4540583, 0.0306796, -0.0613592 
0.6331903, -0.0360269, -0.0368220, 0.4540583, 0.0306796, -0.0613592 
0.6331903, -0.0360269, -0.0368220, 0.4540583, 0.0306796, -0.0613592 
0.6339564, -0.0383090, -0.0345469, 0.4601942, 0.0306796, -0.0674952 
0.6331410, -0.0386891, -0.0323158, 0.4540583, 0.0306796, -0.0613592 
0.6330596, -0.0389004, -0.0312757, 0.4663302, 0.0306796, -0.0613592 
0.6331574, -0.0393966, -0.0302065, 0.4663302, 0.0306796, -0.0613592 
0.6322572, -0.0382834, -0.0295843, 0.4540583, 0.0306796, -0.0552233 
0.6295403, -0.0349891, -0.0304309, 0.4540583, 0.0306796, -0.0552233 
0.6295403, -0.0349891, -0.0304309, 0.4540583, 0.0306796, -0.0552233 
0.6282336, -0.0342954, -0.0303836, 0.4540583, 0.0306796, -0.0613592 
0.6242191, -0.0303861, -0.0318367, 0.4540583, 0.0306796, -0.0613592 
0.6223933, -0.0288829, -0.0328960, 0.4540583, 0.0306796, -0.0552233 
0.6217718, -0.0290647, -0.0325865, 0.4540583, 0.0552233, -0.0552233 
0.6193647, -0.0289475, -0.0336314, 0.4540583, 0.0552233, -0.0552233 
0.6193647, -0.0289475, -0.0336314, 0.4540583, 0.0306796, -0.0552233 
0.6168294, -0.0294633, -0.0337890, 0.4540583, 0.0306796, -0.0552233 
0.6168294, -0.0294633, -0.0337890, 0.4540583, 0.0306796, -0.0552233 
0.6159234, -0.0299025, -0.0341891, 0.4540583, 0.0306796, -0.0552233 
0.6150250, -0.0308967, -0.0332735, 0.4540583, 0.0306796, -0.0552233 
0.6142986, -0.0313308, -0.0332042, 0.4540583, 0.0306796, -0.0613592 
0.6123238, -0.0313838, -0.0333284, 0.4663302, 0.1472622, -0.0613592 
0.6111165, -0.0320613, -0.0335789, 0.4540583, 0.0306796, -0.0613592 
0.6118552, -0.0362485, -0.0295270, 0.4540583, 0.0306796, -0.0613592 
0.6118552, -0.0362485, -0.0295270, 0.4540583, 0.0306796, -0.0613592 
0.6096938, -0.0358461, -0.0294612, 0.4540583, 0.0306796, -0.0613592 
0.6028602, -0.0334478, -0.0294575, 0.4601942, 0.0920388, -0.0674952 
0.6028602, -0.0334478, -0.0294575, 0.4601942, 0.0920388, -0.0674952 
0.6018597, -0.0336466, -0.0297193, 0.4540583, 0.0306796, -0.0613592 
0.6014553, -0.0351562, -0.0296091, 0.4540583, 0.0306796, -0.0613592 
0.5965128, -0.0354522, -0.0301736, 0.4540583, 0.0306796, -0.0613592 
0.5965128, -0.0354522, -0.0301736, 0.4540583, 0.0306796, -0.0613592 
0.5878270, -0.0347893, -0.0327734, 0.4663302, 0.0245437, -0.0613592 
0.5878270, -0.0347893, -0.0327734, 0.4663302, 0.0245437, -0.0613592 
0.5743263, -0.0324999, -0.0376084, 0.4663302, 0.0245437, -0.0613592 
0.5677829, -0.0375731, -0.0344842, 0.4540583, 0.0306796, -0.0613592 
0.5677829, -0.0375731, -0.0344842, 0.4540583, 0.0061359, -0.0613592 
0.5462100, -0.0333479, -0.0392081, 0.4540583, 0.0061359, -0.0613592 
0.5390864, -0.0346292, -0.0373628, 0.4479224, 0.0306796, -0.0613592 
0.5228027, -0.0271918, -0.0416424, 0.4540583, 0.0306796, -0.0613592 
0.5165862, -0.0323737, -0.0390993, 0.4540583, 0.0306796, -0.0613592 
0.4999017, -0.0281000, -0.0384481, 0.4417865, 0.0306796, -0.0613592 
0.4999017, -0.0281000, -0.0384481, 0.4417865, 0.0306796, -0.0613592 
0.4886978, -0.0284149, -0.0380567, 0.4540583, 0.0306796, -0.0552233 
0.4701628, -0.0238781, -0.0394288, 0.4540583, 0.0306796, -0.0552233 
0.4701628, -0.0238781, -0.0394288, 0.4540583, 0.0306796, -0.0552233 
0.4532684, -0.0290783, -0.0353907, 0.4540583, 0.0245437, -0.0674952 
0.4277628, -0.0335619, -0.0316595, 0.4540583, 0.0306796, -0.0613592 
0.4101250, -0.0293202, -0.0297935, 0.4540583, 0.0306796, -0.0613592 
0.4101250, -0.0293202, -0.0297935, 0.4540583, 0.0306796, -0.0613592 
0.3826871, -0.0322225, -0.0273478, 0.4540583, 0.0306796, -0.0613592 
0.3719305, -0.0281121, -0.0251626, 0.4540583, 0.0306796, -0.0552233 
0.3595096, -0.0304854, -0.0244358, 0.4540583, 0.0429515, -0.0552233 
0.3452835, -0.0318670, -0.0197287, 0.4540583, 0.0429515, -0.0552233 
0.3305011, -0.0328719, -0.0162697, 0.4540583, 0.0306796, -0.0613592 
0.3172167, -0.0339827, -0.0149522, 0.4540583, 0.0306796, -0.0613592 
0.3022912, -0.0350145, -0.0098544, 0.4540583, 0.0306796, -0.0613592 
0.2898841, -0.0383443, -0.0073654, 0.4540583, 0.0306796, -0.0613592 
0.2898841, -0.0383443, -0.0073654, 0.4540583, 0.0306796, -0.0613592 
0.2898841, -0.0383443, -0.0073654, 0.4540583, 0.0306796, -0.0552233 
0.2552356, -0.0426421, -0.0010742, 0.4540583, 0.0306796, -0.0552233 
0.2552356, -0.0426421, -0.0010742, 0.4479224, 0.0306796, -0.0920388 
0.2250273, -0.0405316, 0.0004263, 0.4479224, 0.0306796, -0.0920388 
0.2250273, -0.0405316, 0.0004263, 0.4479224, 0.0306796, -0.0920388 
0.2250273, -0.0405316, 0.0004263, 0.4356506, 0.0306796, -0.0552233 
0.1811441, -0.0439414, 0.0073594, 0.4049709, 0.0184078, -0.0552233 
0.1811441, -0.0439414, 0.0073594, 0.3620195, 0.0245437, -0.0552233 
0.1570912, -0.0434895, 0.0089636, 0.3620195, 0.0245437, -0.0552233 
0.1570912, -0.0434895, 0.0089636, 0.3374758, 0.0184078, -0.0552233 
0.1275925, -0.0511212, 0.0141622, 0.3374758, 0.0184078, -0.0552233 
0.1095260, -0.0470246, 0.0155274, 0.2761165, 0.0245437, -0.0552233 
0.0974963, -0.0574906, 0.0187172, 0.2699806, 0.0184078, -0.0552233 
0.0974963, -0.0574906, 0.0187172, 0.2699806, 0.0184078, -0.0552233 
0.0824664, -0.0580256, 0.0206040, 0.2577088, 0.0184078, -0.0552233 
0.0575749, -0.0505469, 0.0229148, 0.2577088, 0.0184078, -0.0552233 
0.0346634, -0.0557116, 0.0268626, 0.2454369, 0.0184078, -0.0552233 
0.0346634, -0.0557116, 0.0268626, 0.2454369, 0.0184078, -0.0552233 
0.0346634, -0.0557116, 0.0268626, 0.2086214, 0.0184078, -0.0552233 
0.0065700, -0.0649572, 0.0281037, 0.1902136, 0.0122718, -0.0552233 
-0.0224864, -0.0782560, 0.0293309, 0.1902136, 0.0122718, -0.0552233 
-0.0440007, -0.0763329, 0.0325111, 0.1533981, 0.0061359, -0.0552233 
-0.0440007, -0.0763329, 0.0325111, 0.1533981, 0.0061359, -0.0552233 
-0.0586284, -0.0822394, 0.0313298, 0.1533981, 0.0061359, -0.0552233 
-0.0838276, -0.0884478, 0.0334203, 0.1104466, -0.0061359, -0.0552233 
-0.1031256, -0.0869010, 0.0328758, 0.0859029, -0.0184078, -0.0552233 
-0.1273872, -0.0847172, 0.0361645, 0.0736311, -0.0184078, -0.0552233 
-0.1359331, -0.0989524, 0.0339898, 0.0736311, -0.0184078, -0.0552233 
-0.1613688, -0.0901608, 0.0385746, 0.0736311, -0.0184078, -0.0552233 
-0.1613688, -0.0901608, 0.0385746, 0.0736311, -0.0184078, -0.0552233 
-0.1727152, -0.1039324, 0.0383816, 0.0490874, -0.0245437, -0.0552233 
-0.1905129, -0.1050712, 0.0390585, 0.0245437, -0.0245437, -0.0429515 
-0.2154335, -0.1040157, 0.0417144, 0.0245437, -0.0245437, -0.0429515 
-0.2154335, -0.1040157, 0.0417144, -0.0184078, -0.0368155, -0.0429515 
-0.2431204, -0.1117432, 0.0428845, -0.0184078, -0.0368155, -0.0429515 
-0.2431204, -0.1117432, 0.0428845, -0.0429515, -0.0306796, -0.0429515 
-0.2431204, -0.1117432, 0.0428845, -0.0429515, -0.0306796, -0.0429515 
-0.2673981, -0.1192532, 0.0455535, -0.0490874, -0.0368155, -0.0429515 
-0.2783460, -0.1307689, 0.0466310, -0.0490874, -0.0368155, -0.0429515 
-0.2947030, -0.1379103, 0.0466237, -0.0490874, -0.0368155, -0.0429515 
-0.3063529, -0.1388063, 0.0496914, -0.1104466, -0.0490874, -0.0429515 
-0.3166766, -0.1490331, 0.0478360, -0.1104466, -0.0490874, -0.0429515 
-0.3262998, -0.1490171, 0.0500771, -0.1349903, -0.0674952, -0.0429515 
-0.3412746, -0.1548981, 0.0509556, -0.1411262, -0.0736311, -0.0429515 
-0.3412746, -0.1548981, 0.0509556, -0.1411262, -0.0736311, -0.0429515 
-0.3632540, -0.1636985, 0.0520841, -0.1411262, -0.0736311, -0.0429515 
-0.3632540, -0.1636985, 0.0520841, -0.1718058, -0.0859029, -0.0368155 
-0.3771695, -0.1720954, 0.0528877, -0.1718058, -0.0859029, -0.0368155 
-0.3771695, -0.1720954, 0.0528877, -0.1963495, -0.0859029, -0.0429515 
-0.3771695, -0.1720954, 0.0528877, -0.1963495, -0.0859029, -0.0429515 
-0.4005158, -0.1831301, 0.0542250, -0.1963495, -0.0859029, -0.0429515 
-0.4005158, -0.1831301, 0.0542250, -0.2147573, -0.0920388, -0.0490874 
-0.4233582, -0.1926362, 0.0578365, -0.2147573, -0.1104466, -0.0429515 
-0.4378315, -0.1923095, 0.0611232, -0.2147573, -0.1104466, -0.0429515 
-0.4551898, -0.2011061, 0.0636576, -0.2208932, -0.1165825, -0.0368155 
-0.4662013, -0.2069910, 0.0660793, -0.2699806, -0.1165825, -0.0429515 
-0.4829277, -0.2077033, 0.0706348, -0.2699806, -0.1165825, -0.0429515 
-0.4945980, -0.2135754, 0.0742352, -0.3129321, -0.1349903, -0.0429515 
-0.4945980, -0.2135754, 0.0742352, -0.3129321, -0.1349903, -0.0429515 
-0.5178059, -0.2198355, 0.0790889, -0.3129321, -0.1349903, -0.0429515 
-0.5178059, -0.2198355, 0.0790889, -0.3190680, -0.1227185, -0.0429515 
-0.5354982, -0.2264359, 0.0833725, -0.3190680, -0.1533981, -0.0429515 
-0.5354982, -0.2264359, 0.0833725, -0.3190680, -0.1533981, -0.0429515 
-0.5382790, -0.2292572, 0.0839113, -0.3374758, -0.1595340, -0.0429515 
-0.5541119, -0.2339474, 0.0885484, -0.3436117, -0.1595340, -0.0429515 
-0.5751196, -0.2342070, 0.0998530, -0.3436117, -0.1595340, -0.0429515 
-0.5751196, -0.2342070, 0.0998530, -0.3804272, -0.1595340, -0.0368155 
-0.5902215, -0.2363137, 0.1094030, -0.3804272, -0.1595340, -0.0368155 
-0.5902215, -0.2363137, 0.1094030, -0.3865632, -0.1533981, -0.0306796 
-0.5942037, -0.2439160, 0.1127964, -0.3865632, -0.1533981, -0.0306796 
-0.6065219, -0.2317316, 0.1230104, -0.3988350, -0.1595340, -0.0306796 
-0.6074027, -0.2311837, 0.1276771, -0.3988350, -0.1595340, -0.0306796 
-0.6074027, -0.2311837, 0.1276771, -0.3988350, -0.1595340, -0.0306796 
-0.6097931, -0.2351089, 0.1303745, -0.3988350, -0.1595340, -0.0306796 
-0.6152234, -0.2292819, 0.1372018, -0.3865632, -0.1595340, -0.0306796 
-0.6171231, -0.2263657, 0.1429295, -0.3804272, -0.1595340, -0.0306796 
-0.6184568, -0.2210914, 0.1463575, -0.3804272, -0.1595340, -0.0306796 
-0.6179531, -0.2162873, 0.1498868, -0.3804272, -0.2147573, -0.0184078 
-0.6152812, -0.2152025, 0.1518285, -0.3804272, -0.2147573, -0.0184078 
-0.6152812, -0.2152025, 0.1518285, -0.3804272, -0.2147573, -0.0184078 
-0.6155363, -0.2137062, 0.1564750, -0.3865632, -0.1472622, 0.0000000 
-0.6155363, -0.2137062, 0.1564750, -0.3865632, -0.1472622, 0.0000000 
-0.6161808, -0.2127004, 0.1601881, -0.3865632, -0.1472622, 0.0306796 
-0.6161808, -0.2127004, 0.1601881, -0.3865632, -0.1472622, 0.0306796 
-0.6157169, -0.2129361, 0.1607078, -0.3865632, -0.2270292, 0.0490874 
-0.6158906, -0.2131340, 0.1629240, -0.3865632, -0.2270292, 0.0490874 
-0.6158906, -0.2131340, 0.1629240, -0.3865632, -0.1472622, 0.0490874 
-0.6168371, -0.2115587, 0.1642663, -0.3865632, -0.1472622, 0.0490874 
-0.6168371, -0.2115587, 0.1642663, -0.3865632, -0.1472622, 0.0490874 
-0.6165789, -0.2115369, 0.1643043, -0.3865632, -0.1411262, 0.0490874 
-0.6161334, -0.2106931, 0.1643967, -0.3865632, -0.1411262, 0.0490874 
-0.6161196, -0.2085465, 0.1650033, -0.3865632, -0.1411262, 0.0490874 
-0.6161196, -0.2085465, 0.1650033, -0.3865632, -0.1411262, 0.0490874 
-0.6161196, -0.2085465, 0.1650033, -0.3865632, -0.3067962, 0.0490874 
-0.6130826, -0.2094019, 0.1636068, -0.3865632, -0.1411262, 0.0490874 
-0.6130826, -0.2094019, 0.1636068, -0.3865632, -0.1411262, 0.0490874 
-0.6097214, -0.2097556, 0.1624128, -0.3865632, -0.1411262, 0.0490874 
-0.6097214, -0.2097556, 0.1624128, -0.3865632, -0.1411262, 0.0490874 
-0.6124709, -0.2075267, 0.1650227, -0.3865632, -0.1349903, 0.0429515 
-0.6124709, -0.2075267, 0.1650227, -0.3865632, -0.1349903, 0.0429515 
-0.6137826, -0.2088242, 0.1672626, -0.3865632, -0.1349903, 0.0552233 
-0.6137826, -0.2088242, 0.1672626, -0.3865632, -0.1349903, 0.0552233 
-0.6138313, -0.2047886, 0.1677542, -0.3865632, -0.1411262, 0.0490874 
-0.6147680, -0.2036605, 0.1679902, -0.3865632, -0.1411262, 0.0490874 
-0.6155901, -0.2030234, 0.1689972, -0.3865632, -0.1411262, 0.0490874 
-0.6144583, -0.2039429, 0.1685808, -0.3865632, -0.1411262, 0.0490874 
-0.6113462, -0.2063470, 0.1671899, -0.3865632, -0.1411262, 0.0490874 
-0.6111838, -0.2057617, 0.1676264, -0.3865632, -0.3129321, 0.0490874 
-0.6111838, -0.2057617, 0.1676264, -0.3865632, -0.3129321, 0.0490874 
-0.6153361, -0.2009536, 0.1729216, -0.3865632, -0.3129321, 0.0490874 
-0.6153361, -0.2009536, 0.1729216, -0.3865632, -0.1411262, 0.0490874 
-0.6153361, -0.2009536, 0.1729216, -0.3865632, -0.1411262, 0.0490874 
-0.6138815, -0.2016922, 0.1748800, -0.3865632, -0.1411262, -0.0184078 
-0.6138037, -0.1990999, 0.1757201, -0.3865632, -0.1411262, 0.0552233 
-0.6135775, -0.1989109, 0.1755672, -0.3865632, -0.1411262, 0.0552233 
-0.6135775, -0.1989109, 0.1755672, -0.3865632, -0.1411262, 0.0552233 
-0.6130466, -0.1996015, 0.1753948, -0.3865632, -0.1411262, 0.0552233 
-0.6126462, -0.2020224, 0.1754294, -0.3865632, -0.1656699, 0.0552233 
-0.6131651, -0.1992312, 0.1776811, -0.3865632, -0.1288544, 0.0552233 
-0.6132864, -0.1976677, 0.1788907, -0.3865632, -0.1288544, 0.0552233 
-0.6132864, -0.1976677, 0.1788907, -0.3865632, -0.1349903, 0.0490874 
-0.6151015, -0.1952996, 0.1829699, -0.3865632, -0.1288544, 0.0490874 
-0.6151015, -0.1952996, 0.1829699, -0.3865632, -0.1288544, 0.0490874 
-0.6153130, -0.1950434, 0.1832065, -0.3865632, -0.1288544, 0.0674952 
-0.6153130, -0.1950434, 0.1832065, -0.3865632, -0.1288544, 0.0674952 
-0.6148185, -0.1953900, 0.1825702, -0.3865632, -0.1288544, 0.0674952 
-0.6148185, -0.1953900, 0.1825702, -0.3865632, -0.1288544, 0.0674952 
-0.6173819, -0.1957316, 0.1833993, -0.3865632, -0.1288544, 0.0674952 
-0.6173819, -0.1957316, 0.1833993, -0.3865632, -0.1288544, 0.0674952 
-0.6174441, -0.1977147, 0.1830222, -0.3865632, -0.1165825, 0.1043107 
-0.6174441, -0.1977147, 0.1830222, -0.3865632, -0.1288544, 0.0613592 
-0.6176926, -0.1983189, 0.1832595, -0.3865632, -0.1288544, 0.0613592 
-0.6175374, -0.1979991, 0.1833907, -0.3865632, -0.1288544, 0.0613592 
-0.6178201, -0.1977481, 0.1841762, -0.3865632, -0.1288544, 0.0552233 
-0.6180022, -0.1977101, 0.1845631, -0.3865632, -0.1288544, 0.0552233 
-0.6180022, -0.1977101, 0.1845631, -0.3865632, -0.1288544, 0.0552233 
-0.6180398, -0.1971976, 0.1853863, -0.3865632, -0.1288544, 0.0736311 
-0.6178458, -0.1962218, 0.1859967, -0.3865632, -0.1288544, 0.0736311 
-0.6165060, -0.1951993, 0.1872618, -0.3865632, -0.1288544, 0.0552233 
-0.6147288, -0.1942778, 0.1881838, -0.3865632, -0.1288544, 0.0797670 
-0.6099200, -0.1912670, 0.1906629, -0.3865632, -0.1288544, 0.0736311 
-0.6083987, -0.1880551, 0.1926105, -0.3865632, -0.1288544, 0.0736311 
-0.6029785, -0.1856360, 0.1987827, -0.3865632, -0.1288544, 0.0736311 
-0.6029785, -0.1856360, 0.1987827, -0.3865632, -0.1288544, 0.0736311 
-0.5897689, -0.1779068, 0.2111625, -0.3865632, -0.1288544, 0.0736311 
-0.5897689, -0.1779068, 0.2111625, -0.3865632, -0.1288544, 0.0736311 
-0.5813962, -0.1757030, 0.2198508, -0.3865632, -0.1288544, 0.0797670 
-0.5667273, -0.1599054, 0.2378745, -0.3865632, -0.1288544, 0.0797670 
-0.5604595, -0.1565909, 0.2406135, -0.3865632, -0.1104466, 0.0797670 
-0.5604595, -0.1565909, 0.2406135, -0.3865632, -0.1104466, 0.0797670 
-0.5394219, -0.1451437, 0.2546819, -0.3865632, -0.0920388, 0.0797670 
-0.5394219, -0.1451437, 0.2546819, -0.3865632, -0.0920388, 0.0797670 
-0.5179347, -0.1390296, 0.2664132, -0.3865632, -0.0920388, 0.0797670 
-0.5179347, -0.1390296, 0.2664132, -0.3865632, -0.0920388, 0.0797670 
-0.5044239, -0.1356678, 0.2698980, -0.3804272, -0.0736311, 0.0859029 
-0.5044239, -0.1356678, 0.2698980, -0.3804272, -0.0736311, 0.0859029 
-0.4795605, -0.1294696, 0.2753352, -0.3804272, -0.0674952, 0.1043107 
-0.4608192, -0.1231825, 0.2769006, -0.3865632, -0.0736311, 0.0920388 
-0.4608192, -0.1231825, 0.2769006, -0.3865632, -0.0736311, 0.0920388 
-0.4608192, -0.1231825, 0.2769006, -0.3865632, -0.0736311, 0.0920388 
-0.4171733, -0.1139549, 0.2754740, -0.3804272, -0.0490874, 0.1288544 
-0.4047530, -0.1057194, 0.2789543, -0.3804272, -0.0490874, 0.1288544 
-0.4047530, -0.1057194, 0.2789543, -0.3804272, -0.0490874, 0.1288544 
-0.3874104, -0.1011846, 0.2765190, -0.3865632, -0.0490874, 0.1411262 
-0.3747928, -0.1006126, 0.2780836, -0.3865632, -0.0490874, 0.1411262 
-0.3630281, -0.0935380, 0.2768131, -0.3865632, -0.0490874, 0.1349903 
-0.3314681, -0.0838656, 0.2752461, -0.3865632, -0.0429515, 0.1288544 
-0.3314681, -0.0838656, 0.2752461, -0.3865632, -0.0429515, 0.1288544 
-0.3102056, -0.0842073, 0.2692769, -0.3865632, -0.0306796, 0.1472622 
-0.2941561, -0.0782639, 0.2659312, -0.3436117, -0.0245437, 0.1472622 
-0.2941561, -0.0782639, 0.2659312, -0.3436117, -0.0245437, 0.1472622 
-0.2724434, -0.0738221, 0.2624912, -0.3436117, -0.0245437, 0.1472622 
-0.2428782, -0.0606754, 0.2593357, -0.3865632, 0.0061359, 0.1472622 
-0.2149116, -0.0537187, 0.2533926, -0.3865632, 0.0061359, 0.1472622 
-0.2149116, -0.0537187, 0.2533926, -0.3865632, 0.0122718, 0.1472622 
-0.1727123, -0.0500285, 0.2407149, -0.3865632, 0.0122718, 0.1472622 
-0.1513875, -0.0494348, 0.2347493, -0.3865632, 0.0122718, 0.1472622 
-0.1345271, -0.0449419, 0.2299576, -0.3865632, 0.0184078, 0.1472622 
-0.1345271, -0.0449419, 0.2299576, -0.3865632, 0.0184078, 0.1472622 
-0.1170172, -0.0398657, 0.2247309, -0.3497476, 0.0184078, 0.1779418 
-0.0861517, -0.0410690, 0.2143781, -0.2699806, 0.0184078, 0.1472622 
-0.0861517, -0.0410690, 0.2143781, -0.2699806, 0.0184078, 0.1472622 
-0.0669064, -0.0367176, 0.2066512, -0.2147573, 0.0245437, 0.1533981 
-0.0326669, -0.0301684, 0.1952450, -0.2147573, 0.0245437, 0.1533981 
-0.0161392, -0.0277247, 0.1903120, -0.2147573, 0.0245437, 0.1533981 
-0.0161392, -0.0277247, 0.1903120, -0.1718058, 0.0306796, 0.1411262 
-0.0161392, -0.0277247, 0.1903120, -0.1533981, 0.0306796, 0.1533981 
0.0245654, -0.0237400, 0.1761107, -0.1533981, 0.0306796, 0.1533981 
0.0489439, -0.0203053, 0.1670351, -0.1533981, 0.0306796, 0.1533981 
0.0489439, -0.0203053, 0.1670351, -0.1533981, 0.0306796, 0.1533981 
0.0489439, -0.0203053, 0.1670351, -0.1349903, 0.0429515, 0.1533981 
0.0852863, -0.0221390, 0.1553577, -0.1349903, 0.0429515, 0.1533981 
0.0963632, -0.0152839, 0.1537196, -0.1227185, 0.0552233, 0.1472622 
0.1237059, -0.0139045, 0.1427630, -0.1104466, 0.0552233, 0.1533981 
0.1377641, -0.0104325, 0.1392501, -0.0674952, 0.0490874, 0.1533981 
0.1440474, -0.0102869, 0.1353464, -0.0674952, 0.0490874, 0.1533981 
0.1554069, -0.0080004, 0.1341058, -0.0184078, 0.0490874, 0.1533981 
0.1554069, -0.0080004, 0.1341058, -0.0184078, 0.0490874, 0.1533981 
0.1755940, -0.0012300, 0.1268086, 0.0306796, 0.0429515, 0.1533981 
0.1755940, -0.0012300, 0.1268086, 0.0306796, 0.0429515, 0.1533981 
0.1908421, -0.0065850, 0.1209006, 0.0490874, 0.0613592, 0.1533981 
0.2002053, -0.0042989, 0.1204682, 0.0552233, 0.0613592, 0.1533981 
0.2002053, -0.0042989, 0.1204682, 0.0552233, 0.0613592, 0.1533981 
0.2241799, -0.0027619, 0.1126840, 0.0552233, 0.0613592, 0.1533981 
0.2420319, -0.0027437, 0.1088392, 0.0552233, 0.0613592, 0.1533981 
0.2420319, -0.0027437, 0.1088392, 0.0552233, 0.0613592, 0.1533981 
0.2694322, 0.0019464, 0.0987545, 0.0613592, 0.0490874, 0.1533981 
0.2825703, 0.0052845, 0.0951272, 0.0613592, 0.0490874, 0.1533981 
0.2825703, 0.0052845, 0.0951272, 0.0613592, 0.0490874, 0.1533981 
0.2927599, 0.0098873, 0.0892460, 0.0859029, 0.0674952, 0.1533981 
0.3084671, 0.0074303, 0.0846069, 0.1165825, 0.0736311, 0.1533981 
0.3239282, 0.0151530, 0.0787574, 0.1165825, 0.0736311, 0.1533981 
0.3401924, 0.0165148, 0.0714396, 0.1595340, 0.0736311, 0.1656699 
0.3541243, 0.0132715, 0.0664220, 0.1963495, 0.0797670, 0.2393010 
0.3627034, 0.0220868, 0.0619481, 0.1963495, 0.0797670, 0.2393010 
0.3807485, 0.0146647, 0.0589711, 0.2086214, 0.0797670, 0.1533981 
0.3807485, 0.0146647, 0.0589711, 0.2086214, 0.0797670, 0.1533981 
0.3807485, 0.0146647, 0.0589711, 0.2393010, 0.0859029, 0.1472622 
0.4045997, 0.0147520, 0.0549679, 0.2393010, 0.0859029, 0.1472622 
0.4144155, 0.0270194, 0.0494139, 0.2393010, 0.0859029, 0.1472622 
0.4144155, 0.0270194, 0.0494139, 0.2393010, 0.0859029, 0.1472622 
0.4144155, 0.0270194, 0.0494139, 0.2454369, 0.0797670, 0.1533981 
0.4425366, 0.0186637, 0.0469312, 0.2515728, 0.0859029, 0.1533981 
0.4506163, 0.0199483, 0.0476595, 0.2515728, 0.0859029, 0.1533981 
0.4587762, 0.0227045, 0.0440644, 0.2515728, 0.0981748, 0.1472622 
0.4678650, 0.0222532, 0.0418772, 0.2515728, 0.0981748, 0.1472622 
0.4835840, 0.0163227, 0.0454033, 0.2883884, 0.0859029, 0.1472622 
0.4865732, 0.0214742, 0.0438011, 0.2883884, 0.0859029, 0.1472622 
0.4936501, 0.0219529, 0.0405177, 0.3190680, 0.0797670, 0.1533981 
0.5025650, 0.0189122, 0.0404490, 0.3190680, 0.0797670, 0.1533981 
0.5093305, 0.0180247, 0.0405956, 0.3497476, 0.0736311, 0.1472622 
0.5093305, 0.0180247, 0.0405956, 0.3497476, 0.0736311, 0.1472622 
0.5093305, 0.0180247, 0.0405956, 0.3558835, 0.0797670, 0.1533981 
0.5277263, 0.0242113, 0.0337915, 0.3681554, 0.0797670, 0.1533981 
0.5277263, 0.0242113, 0.0337915, 0.3681554, 0.0797670, 0.1533981 
0.5378339, 0.0255020, 0.0318379, 0.3681554, 0.0797670, 0.1533981 
0.5378339, 0.0255020, 0.0318379, 0.3681554, 0.0797670, 0.1533981 
0.5378339, 0.0255020, 0.0318379, 0.3681554, 0.0797670, 0.1533981 
0.5488487, 0.0292301, 0.0263300, 0.3681554, 0.0797670, 0.1472622 
0.5542161, 0.0305832, 0.0245719, 0.3681554, 0.0797670, 0.1472622 
0.5565409, 0.0361869, 0.0235431, 0.3681554, 0.0859029, 0.1411262 
0.5602973, 0.0396941, 0.0218153, 0.3681554, 0.0981748, 0.1472622 
0.5662044, 0.0455040, 0.0169103, 0.3681554, 0.1043107, 0.1472622 
0.5681946, 0.0507757, 0.0112576, 0.3681554, 0.1043107, 0.1472622 
0.5718943, 0.0563703, 0.0078031, 0.3681554, 0.0981748, 0.1533981 
0.5718943, 0.0563703, 0.0078031, 0.3681554, 0.0981748, 0.1533981 
0.5794735, 0.0617576, -0.0003958, 0.3681554, 0.1227185, 0.1472622 
0.5795403, 0.0655846, -0.0026702, 0.3681554, 0.1104466, 0.1411262 
0.5848879, 0.0748113, -0.0142227, 0.3681554, 0.1104466, 0.1411262 
0.5848879, 0.0748113, -0.0142227, 0.3681554, 0.1288544, 0.1472622 
0.5871919, 0.0775481, -0.0236037, 0.3681554, 0.1288544, 0.1472622 
0.5871919, 0.0775481, -0.0236037, 0.3742913, 0.1288544, 0.1472622 
0.5857451, 0.0843519, -0.0318059, 0.3742913, 0.1349903, 0.1472622 
0.5904179, 0.0807027, -0.0328810, 0.3742913, 0.1349903, 0.1472622 
0.5896641, 0.0824749, -0.0333501, 0.3681554, 0.1533981, 0.1472622 
0.5909843, 0.0817648, -0.0335148, 0.3681554, 0.1533981, 0.1472622 
0.5909843, 0.0817648, -0.0335148, 0.3681554, 0.1533981, 0.1472622 
0.5909275, 0.0829029, -0.0327437, 0.3865632, 0.1533981, 0.1533981 
0.5909275, 0.0829029, -0.0327437, 0.3865632, 0.1533981, 0.1533981 
0.5904426, 0.0842421, -0.0312393, 0.3926991, 0.1533981, 0.1288544 
0.5898231, 0.0851965, -0.0298999, 0.3926991, 0.1533981, 0.1288544 
0.5896471, 0.0845455, -0.0285917, 0.3926991, 0.1533981, 0.1288544 
0.5899885, 0.0831360, -0.0273474, 0.3926991, 0.1533981, 0.1288544 
0.5893006, 0.0828204, -0.0253423, 0.3926991, 0.1533981, 0.1288544 
0.5893785, 0.0797546, -0.0233320, 0.3926991, 0.1533981, 0.1288544 
0.5893785, 0.0797546, -0.0233320, 0.3926991, 0.1533981, 0.1288544 
0.5875522, 0.0787664, -0.0229066, 0.3926991, 0.1533981, 0.1288544 
0.5875522, 0.0787664, -0.0229066, 0.3926991, 0.1533981, 0.1288544 
0.5875522, 0.0787664, -0.0229066, 0.3926991, 0.1533981, 0.1288544 
0.5841660, 0.0755113, -0.0216784, 0.3926991, 0.1472622, 0.1288544 
0.5813767, 0.0778070, -0.0220377, 0.3926991, 0.1472622, 0.1288544 
0.5805698, 0.0773843, -0.0215063, 0.3926991, 0.1472622, -0.0184078 
0.5803716, 0.0766326, -0.0219676, 0.3926991, 0.1349903, 0.1288544 
0.5803716, 0.0766326, -0.0219676, 0.3926991, 0.1349903, 0.1288544 
0.5781192, 0.0770644, -0.0212973, 0.3926991, 0.1411262, 0.2086214 
0.5781192, 0.0770644, -0.0212973, 0.3926991, 0.1411262, 0.2086214 
0.5795479, 0.0704991, -0.0174231, 0.3926991, 0.1411262, 0.2086214 
0.5790899, 0.0699371, -0.0172899, 0.3926991, 0.1349903, 0.1288544 
0.5785669, 0.0693105, -0.0166507, 0.3926991, 0.1349903, 0.1227185 
0.5768387, 0.0669321, -0.0141786, 0.3926991, 0.1349903, 0.1227185 
0.5768387, 0.0669321, -0.0141786, 0.3926991, 0.1349903, 0.1227185 
0.5768387, 0.0669321, -0.0141786, 0.3926991, 0.1349903, 0.1227185 
0.5739560, 0.0666892, -0.0129327, 0.3926991, 0.1411262, 0.2086214 
0.5728565, 0.0633799, -0.0129663, 0.3926991, 0.1349903, 0.1043107 
0.5716575, 0.0629308, -0.0122293, 0.3926991, 0.1349903, 0.1043107 
0.5698390, 0.0635747, -0.0116866, 0.4049709, 0.0920388, 0.0981748 
0.5694246, 0.0619893, -0.0110973, 0.3926991, 0.1349903, 0.0981748 
0.5694246, 0.0619893, -0.0110973, 0.3926991, 0.1349903, 0.0981748 
0.5703871, 0.0589090, -0.0111227, 0.3926991, 0.1349903, 0.0981748 
0.5678528, 0.0606370, -0.0127706, 0.4111069, 0.1288544, 0.0981748 
0.5617556, 0.0656188, -0.0185283, 0.4172428, 0.1227185, 0.1043107 
0.5617556, 0.0656188, -0.0185283, 0.3926991, 0.1227185, 0.0981748 
0.5611141, 0.0625486, -0.0197218, 0.3926991, 0.1227185, 0.0981748 
0.5598255, 0.0593645, -0.0191043, 0.4233787, 0.1288544, 0.1043107 
0.5598255, 0.0593645, -0.0191043, 0.4233787, 0.1288544, 0.1043107 
0.5574052, 0.0555351, -0.0274620, 0.4233787, 0.1288544, 0.1043107 
0.5503996, 0.0582178, -0.0354036, 0.4233787, 0.1288544, 0.1043107 
0.5503996, 0.0582178, -0.0354036, 0.4172428, 0.1227185, 0.1043107 
0.5465969, 0.0586451, -0.0380873, 0.4172428, 0.1165825, 0.0981748 
0.5449937, 0.0582799, -0.0390474, 0.4172428, 0.1165825, 0.0920388 
0.5406555, 0.0610247, -0.0399742, 0.4172428, 0.1165825, 0.0920388 
0.5396246, 0.0594520, -0.0385256, 0.4172428, 0.1227185, 0.1043107 
0.5380192, 0.0588936, -0.0373237, 0.4172428, 0.1227185, 0.1043107 
0.5351710, 0.0610738, -0.0364951, 0.4233787, 0.1165825, 0.0981748 
0.5351710, 0.0610738, -0.0364951, 0.4233787, 0.1165825, 0.0981748 
0.5305982, 0.0615630, -0.0370775, 0.4233787, 0.1165825, 0.0981748 
0.5244035, 0.0638383, -0.0382145, 0.4172428, 0.1104466, 0.0981748 
0.5185066, 0.0652099, -0.0404588, 0.4172428, 0.1104466, 0.0981748 
0.5158805, 0.0649410, -0.0408182, 0.4172428, 0.1411262, 0.0981748 
0.5129022, 0.0648932, -0.0422943, 0.4172428, 0.1411262, 0.0981748 
0.5129022, 0.0648932, -0.0422943, 0.4111069, 0.1349903, -0.0613592 
0.5014097, 0.0611474, -0.0491756, 0.4111069, 0.1349903, -0.0613592 
0.4929467, 0.0556876, -0.0527322, 0.4172428, 0.1288544, -0.0736311 
0.4888823, 0.0552814, -0.0537440, 0.4172428, 0.1288544, 0.0981748 
0.4888823, 0.0552814, -0.0537440, 0.4172428, 0.1288544, 0.0981748 
0.4783335, 0.0524901, -0.0607932, 0.4417865, 0.1227185, 0.0981748 
0.4557968, 0.0583156, -0.0681439, 0.4417865, 0.1227185, 0.0981748 
0.4427449, 0.0608211, -0.0691894, 0.4233787, 0.1165825, 0.0981748 
0.4347627, 0.0553743, -0.0695083, 0.4172428, 0.1165825, 0.0981748 
0.4254446, 0.0513989, -0.0709221, 0.4172428, 0.1165825, 0.0981748 
0.4254446, 0.0513989, -0.0709221, 0.4172428, 0.1165825, 0.0981748 
0.3985743, 0.0653941, -0.0750869, 0.4172428, 0.0736311, 0.0981748 
0.3985743, 0.0653941, -0.0750869, 0.4172428, 0.0736311, 0.0981748 
0.3770937, 0.0613287, -0.0764899, 0.4172428, 0.1165825, 0.0920388 
0.3770937, 0.0613287, -0.0764899, 0.4172428, 0.1349903, 0.0920388 
0.3539986, 0.0574087, -0.0779480, 0.4172428, 0.1349903, 0.0920388 
0.3539986, 0.0574087, -0.0779480, 0.4172428, 0.1349903, 0.0920388 
0.3539986, 0.0574087, -0.0779480, 0.4172428, 0.1349903, 0.0920388 
0.3268574, 0.0568321, -0.0744690, 0.4172428, 0.1227185, 0.0920388 
0.3268574, 0.0568321, -0.0744690, 0.4172428, 0.1227185, 0.0920388 
0.3106690, 0.0510538, -0.0709952, 0.4172428, 0.1165825, 0.0859029 
0.2932124, 0.0548650, -0.0682743, 0.4172428, 0.1165825, 0.0859029 
0.2829063, 0.0481505, -0.0641309, 0.4172428, 0.1165825, 0.0859029 
0.2697473, 0.0457790, -0.0593058, 0.4172428, 0.1288544, 0.0981748 
0.2525591, 0.0491980, -0.0590827, 0.4172428, 0.1165825, 0.0920388 
0.2350087, 0.0495077, -0.0516389, 0.4172428, 0.1165825, 0.0920388 
0.2267338, 0.0376107, -0.0464057, 0.4049709, 0.1288544, 0.0859029 
0.2142767, 0.0456368, -0.0455038, 0.4049709, 0.1288544, 0.0859029 
0.2000884, 0.0376087, -0.0372341, 0.3926991, 0.1165825, 0.0859029 
0.1844853, 0.0356630, -0.0310241, 0.3926991, 0.1165825, 0.0859029 
0.1844853, 0.0356630, -0.0310241, 0.3742913, 0.1104466, 0.0981748 
0.1667081, 0.0341863, -0.0235798, 0.3558835, 0.1104466, 0.0859029 
0.1292863, 0.0322693, -0.0061403, 0.3436117, 0.1043107, 0.0797670 
0.1292863, 0.0322693, -0.0061403, 0.3436117, 0.1043107, 0.0797670 
0.1005080, 0.0176699, 0.0088993, 0.3067962, 0.0981748, 0.0797670 
0.0672860, 0.0228025, 0.0198686, 0.2577088, 0.1043107, 0.0797670 
0.0523803, 0.0160312, 0.0288878, 0.2577088, 0.1043107, 0.0797670 
0.0399221, 0.0044255, 0.0377208, 0.2208932, 0.0920388, 0.0859029 
0.0219020, -0.0002827, 0.0466558, 0.2208932, 0.0920388, 0.0859029 
0.0041364, 0.0028265, 0.0512269, 0.1902136, 0.0736311, 0.0797670 
0.0041364, 0.0028265, 0.0512269, 0.1902136, 0.0736311, 0.0797670 
-0.0139753, -0.0021197, 0.0612726, 0.1902136, 0.0736311, 0.0797670 
-0.0164042, -0.0110463, 0.0630575, 0.1595340, 0.0613592, 0.0797670 
-0.0362855, -0.0103203, 0.0710463, 0.1472622, 0.0674952, 0.0797670 
-0.0459540, -0.0242433, 0.0760641, 0.1472622, 0.0674952, 0.0797670 
-0.0634238, -0.0254889, 0.0803084, 0.1288544, 0.0552233, 0.0797670 
-0.0989614, -0.0321713, 0.0904322, 0.1104466, 0.0552233, 0.0797670 
-0.0989614, -0.0321713, 0.0904322, 0.1104466, 0.0552233, 0.0797670 
-0.1293166, -0.0502207, 0.0983486, 0.0859029, 0.0490874, 0.0797670 
-0.1293166, -0.0502207, 0.0983486, 0.0552233, 0.0368155, 0.0797670 
-0.1611255, -0.0496836, 0.1053239, 0.0552233, 0.0368155, 0.0797670 
-0.1611255, -0.0496836, 0.1053239, 0.0306796, 0.0122718, 0.0797670 
-0.1713647, -0.0656401, 0.1053995, 0.0306796, 0.0122718, 0.0797670 
-0.1922020, -0.0672110, 0.1090484, 0.0306796, 0.0122718, 0.0797670 
-0.2121556, -0.0670878, 0.1125311, 0.0061359, 0.0061359, 0.0797670 
-0.2253396, -0.0820701, 0.1113805, -0.0245437, 0.0061359, 0.0797670 
-0.2546385, -0.0929637, 0.1155218, -0.0552233, -0.0061359, 0.0797670 
-0.2546385, -0.0929637, 0.1155218, -0.0552233, -0.0061359, 0.0797670 
-0.2772129, -0.1046338, 0.1164428, -0.0552233, -0.0061359, 0.0797670 
-0.2861362, -0.1123147, 0.1167479, -0.0859029, -0.0245437, 0.0797670 
-0.2861362, -0.1123147, 0.1167479, -0.0859029, -0.0245437, 0.0797670 
-0.2948931, -0.1153906, 0.1180014, -0.0859029, -0.0245437, 0.0797670 
-0.3024186, -0.1181640, 0.1199930, -0.1043107, -0.0306796, 0.0797670 
-0.3287495, -0.1266394, 0.1219480, -0.1165825, -0.0368155, 0.0736311 
-0.3495573, -0.1352018, 0.1254600, -0.1227185, -0.0490874, 0.0736311 
-0.3495573, -0.1352018, 0.1254600, -0.1227185, -0.0490874, 0.0736311 
-0.3720492, -0.1366426, 0.1311826, -0.1533981, -0.0552233, 0.0797670 
-0.3785449, -0.1505101, 0.1364271, -0.1533981, -0.0552233, 0.0797670 
-0.3922639, -0.1466856, 0.1382090, -0.1902136, -0.0981748, 0.0797670 
-0.4044804, -0.1511315, 0.1449389, -0.2024855, -0.0674952, 0.0797670 
-0.4124165, -0.1628217, 0.1511696, -0.2024855, -0.0674952, 0.0797670 
-0.4231768, -0.1545888, 0.1595260, -0.2454369, -0.0736311, 0.0797670 
-0.4231768, -0.1545888, 0.1595260, -0.2454369, -0.0736311, 0.0797670 
-0.4314550, -0.1687289, 0.1709850, -0.2208932, -0.0859029, 0.0797670 
-0.4423473, -0.1686479, 0.1794784, -0.2208932, -0.0859029, 0.0797670 
-0.4464398, -0.1714728, 0.1886123, -0.2515728, -0.0920388, 0.0797670 
-0.4526443, -0.1734468, 0.1940744, -0.2699806, -0.1043107, 0.0797670 
-0.4566240, -0.1821136, 0.2039245, -0.2699806, -0.1043107, 0.0797670 
-0.4566240, -0.1821136, 0.2039245, -0.2699806, -0.1104466, 0.0797670 
-0.4640049, -0.1907918, 0.2172329, -0.2699806, -0.1104466, 0.0797670 
-0.4640049, -0.1907918, 0.2172329, -0.2699806, -0.1104466, 0.0797670 
-0.4710944, -0.1949796, 0.2245009, -0.2883884, -0.1104466, 0.0920388 
-0.4746277, -0.2011722, 0.2315194, -0.2945243, -0.1165825, 0.0797670 
-0.4816668, -0.1997347, 0.2362309, -0.2945243, -0.1165825, 0.0797670 
-0.4915513, -0.2015202, 0.2421140, -0.2945243, -0.1165825, 0.0797670 
-0.4952307, -0.2070404, 0.2477276, -0.2945243, -0.1288544, 0.0797670 
-0.4952307, -0.2070404, 0.2477276, -0.2945243, -0.1288544, 0.0797670 
-0.4986721, -0.2125501, 0.2493256, -0.2945243, -0.1288544, 0.0797670 
-0.5052299, -0.2101211, 0.2558230, -0.2945243, -0.1349903, 0.0797670 
-0.5084051, -0.2095499, 0.2589865, -0.3129321, -0.1411262, 0.0920388 
-0.5119221, -0.2180490, 0.2618876, -0.3129321, -0.1411262, 0.0920388 
-0.5135188, -0.2173735, 0.2650874, -0.3313398, -0.1411262, 0.0859029 
-0.5170747, -0.2184565, 0.2676582, -0.3313398, -0.1411262, 0.0859029 
-0.5201042, -0.2176214, 0.2720445, -0.3313398, -0.1411262, 0.0797670 
-0.5307322, -0.2146893, 0.2785451, -0.3313398, -0.1411262, -0.0736311 
-0.5324149, -0.2135155, 0.2792133, -0.3313398, -0.1349903, 0.1227185 
-0.5327239, -0.2131398, 0.2787311, -0.3313398, -0.1349903, 0.1227185 
-0.5327239, -0.2131398, 0.2787961, -0.3313398, -0.1349903, 0.1227185 
-0.5344215, -0.2106846, 0.2787651, -0.3374758, -0.1411262, 0.1288544 
-0.5359853, -0.2101237, 0.2789302, -0.3374758, -0.1411262, 0.1288544 
-0.5375726, -0.2089116, 0.2800011, -0.3681554, -0.1411262, 0.1288544 
-0.5369723, -0.2078521, 0.2801667, -0.3681554, -0.1411262, 0.1288544 
-0.5369723, -0.2078521, 0.2801667, -0.3681554, -0.1472622, 0.1288544 
-0.5364794, -0.2071755, 0.2804665, -0.3681554, -0.1472622, 0.1288544 
-0.5348426, -0.2077651, 0.2802904, -0.3681554, -0.1472622, 0.1288544 
-0.5348426, -0.2077651, 0.2802904, -0.3681554, -0.1411262, 0.1288544 
-0.5339789, -0.2061520, 0.2808133, -0.3681554, -0.1411262, 0.1288544 
-0.5333789, -0.2051931, 0.2815475, -0.3681554, -0.1411262, 0.1288544 
-0.5329428, -0.2044290, 0.2817285, -0.3742913, -0.1472622, 0.1288544 
-0.5290026, -0.2076676, 0.2790833, -0.3742913, -0.1472622, 0.1288544 
-0.5290026, -0.2076676, 0.2790833, -0.3742913, -0.1472622, 0.1288544 
-0.5282315, -0.2043555, 0.2796308, -0.3742913, -0.1472622, 0.1288544 
-0.5282315, -0.2043555, 0.2796308, -0.3742913, -0.1411262, 0.1288544 
-0.5275888, -0.2005426, 0.2800567, -0.3742913, -0.1411262, 0.1288544 
-0.5277165, -0.1980748, 0.2799692, -0.3742913, -0.1411262, 0.1288544 
-0.5265819, -0.1966501, 0.2792875, -0.3742913, -0.1411262, 0.1349903 
-0.5273550, -0.1947180, 0.2800706, -0.3804272, -0.1227185, 0.1349903 
-0.5243806, -0.1982779, 0.2773720, -0.3742913, -0.1288544, 0.1411262 
-0.5243967, -0.1950745, 0.2782213, -0.3742913, -0.1288544, 0.1411262 
-0.5243967, -0.1950745, 0.2782213, -0.3742913, -0.1227185, 0.1533981 
-0.5240969, -0.1954566, 0.2779498, -0.3742913, -0.1227185, 0.1533981 
-0.5242738, -0.1968872, 0.2781462, -0.3742913, -0.1227185, 0.1472622 
-0.5240445, -0.1965547, 0.2781850, -0.3742913, -0.1227185, 0.1472622 
-0.5240445, -0.1965547, 0.2781850, -0.3742913, -0.1165825, 0.1411262 
-0.5244029, -0.1910592, 0.2801523, -0.3681554, -0.1227185, 0.1411262 
-0.5244029, -0.1910592, 0.2801523, -0.3681554, -0.1227185, 0.1411262 
-0.5259010, -0.1904819, 0.2812753, -0.3681554, -0.1227185, 0.1411262 
-0.5211211, -0.1944668, 0.2793831, -0.3742913, -0.1227185, 0.1411262 
-0.5199007, -0.1943777, 0.2792228, -0.3742913, -0.1227185, 0.1411262 
-0.5201088, -0.1907041, 0.2813053, -0.3742913, -0.1227185, 0.1411262 
-0.5176644, -0.1911861, 0.2806190, -0.3742913, -0.1227185, 0.1411262 
-0.5148395, -0.1897332, 0.2802769, -0.3681554, -0.1227185, 0.1411262 
-0.5148395, -0.1897332, 0.2802769, -0.3681554, -0.1227185, 0.1411262 
-0.5130537, -0.1892546, 0.2804298, -0.3681554, -0.1227185, 0.1411262 
-0.5100589, -0.1876039, 0.2816754, -0.3926991, -0.1227185, 0.1656699 
-0.5084227, -0.1868825, 0.2823676, -0.3926991, -0.1227185, 0.1656699 
-0.5056426, -0.1844891, 0.2831462, -0.3988350, -0.1227185, 0.1411262 
-0.5056426, -0.1844891, 0.2831462, -0.3988350, -0.1227185, 0.1411262 
-0.5042782, -0.1833170, 0.2834748, -0.3804272, -0.1227185, 0.1411262 
-0.5028962, -0.1829219, 0.2841018, -0.3804272, -0.1227185, 0.1411262 
-0.4979948, -0.1792032, 0.2852258, -0.3804272, -0.1227185, 0.1411262 
-0.4979948, -0.1792032, 0.2852258, -0.3804272, -0.1227185, 0.1411262 
-0.4916548, -0.1776606, 0.2841497, -0.3804272, -0.1227185, 0.1288544 
-0.4916548, -0.1776606, 0.2841497, -0.3804272, -0.1043107, 0.1472622 
-0.4826671, -0.1775247, 0.2807139, -0.3804272, -0.1043107, 0.1472622 
-0.4807538, -0.1769837, 0.2804615, -0.3804272, -0.1043107, 0.1472622 
-0.4778199, -0.1768447, 0.2800063, -0.3926991, -0.1104466, 0.1472622 
-0.4782685, -0.1779707, 0.2813963, -0.3926991, -0.1104466, 0.1472622 
-0.4782685, -0.1779707, 0.2813963, -0.3926991, -0.1104466, 0.1472622 
-0.4730525, -0.1798127, 0.2810282, -0.3804272, -0.1104466, 0.1472622 
-0.4727148, -0.1767629, 0.2825746, -0.3804272, -0.1104466, 0.1472622 
-0.4693804, -0.1763058, 0.2812324, -0.3804272, -0.1043107, 0.1472622 
-0.4693804, -0.1763058, 0.2812324, -0.3804272, -0.1043107, 0.1472622 
-0.4656439, -0.1745830, 0.2808997, -0.3804272, -0.1043107, 0.1472622 
-0.4661683, -0.1760463, 0.2814491, -0.3804272, -0.1104466, 0.1472622 
-0.4610811, -0.1762187, 0.2790079, -0.3804272, -0.1104466, 0.1472622 
-0.4610811, -0.1762187, 0.2790079, -0.3865632, -0.1104466, 0.1472622 
-0.4539579, -0.1746931, 0.2810529, -0.3804272, -0.1104466, 0.1472622 
-0.4539579, -0.1746931, 0.2810529, -0.3804272, -0.1104466, 0.1472622 
-0.4415086, -0.1760966, 0.2828546, -0.3681554, -0.1104466, 0.1472622 
-0.4368736, -0.1743413, 0.2843423, -0.3804272, -0.1104466, 0.1472622 
-0.4325550, -0.1691230, 0.2879033, -0.3804272, -0.1104466, 0.1472622 
-0.4246045, -0.1634884, 0.2899543, -0.3804272, -0.1043107, 0.1472622 
-0.4140968, -0.1640365, 0.2898559, -0.3804272, -0.1104466, 0.1472622 
-0.4140968, -0.1640365, 0.2898559, -0.3804272, -0.1104466, 0.1472622 
-0.3955368, -0.1632354, 0.2961860, -0.3804272, -0.0981748, 0.1472622 
-0.3886368, -0.1598759, 0.3026699, -0.3804272, -0.0981748, 0.1472622 
-0.3886368, -0.1598759, 0.3026699, -0.3804272, -0.0981748, 0.1472622 
-0.3803845, -0.1555358, 0.3047146, -0.3804272, -0.0920388, 0.1963495 
-0.3659725, -0.1565419, 0.3071951, -0.3804272, -0.0920388, 0.1472622 
-0.3409800, -0.1526502, 0.3171284, -0.3804272, -0.0920388, 0.1472622 
-0.3409800, -0.1526502, 0.3171284, -0.3804272, -0.0920388, 0.1533981 
-0.3409800, -0.1526502, 0.3171284, -0.3804272, -0.0920388, 0.1533981 
-0.3163751, -0.1444043, 0.3237432, -0.3804272, -0.0859029, 0.1533981 
-0.2975990, -0.1379836, 0.3288500, -0.3804272, -0.0859029, 0.1533981 
-0.2816361, -0.1382172, 0.3305170, -0.3804272, -0.0920388, 0.1595340 
-0.2701359, -0.1309731, 0.3302639, -0.3804272, -0.0736311, 0.1656699 
-0.2598814, -0.1286713, 0.3344329, -0.3804272, -0.0736311, 0.1656699 
-0.2410522, -0.1267172, 0.3292939, -0.3804272, -0.0736311, 0.1595340 
-0.2410522, -0.1267172, 0.3292939, -0.3804272, -0.0736311, 0.1595340 
-0.2364313, -0.1201526, 0.3347718, -0.3804272, -0.0859029, 0.1779418 
-0.2189391, -0.1198746, 0.3314110, -0.3804272, -0.0859029, 0.1779418 
-0.2084621, -0.1134505, 0.3310843, -0.3804272, -0.0859029, 0.1779418 
-0.2008616, -0.1080358, 0.3301167, -0.3804272, -0.0552233, 0.1963495 
-0.1787909, -0.1081811, 0.3245039, -0.3804272, -0.0490874, 0.1779418 
-0.1563168, -0.1106049, 0.3174605, -0.3620195, -0.0490874, 0.1779418 
-0.1563168, -0.1106049, 0.3174605, -0.3620195, -0.0490874, 0.1779418 
-0.1563168, -0.1106049, 0.3174605, -0.3313398, -0.0490874, 0.1718058 
-0.1379503, -0.1027811, 0.3170033, -0.3313398, -0.0490874, 0.1718058 
-0.1088748, -0.0983066, 0.3040501, -0.2822525, -0.0429515, 0.1779418 
-0.0984502, -0.1020359, 0.3014944, -0.2638447, -0.0429515, 0.1656699 
-0.0871150, -0.0985917, 0.2963788, -0.2638447, -0.0429515, 0.1656699 
-0.0764396, -0.0942085, 0.2918292, -0.2638447, -0.0429515, 0.1656699 
-0.0615854, -0.0925611, 0.2870561, -0.2454369, -0.0429515, 0.1779418 
-0.0427880, -0.0901813, 0.2781202, -0.2454369, -0.0429515, 0.1779418 
-0.0260353, -0.0888067, 0.2721346, -0.2086214, -0.0245437, 0.1779418 
-0.0121845, -0.0851860, 0.2660966, -0.2086214, -0.0245437, 0.1779418 
0.0065885, -0.0862719, 0.2577893, -0.2086214, -0.0245437, 0.1902136 
0.0119352, -0.0865392, 0.2563058, -0.2086214, -0.0245437, 0.1902136 
0.0119352, -0.0865392, 0.2563058, -0.2086214, -0.0245437, 0.1902136 
0.0194394, -0.0799127, 0.2526853, -0.1595340, -0.0245437, 0.1840777 
0.0284459, -0.0822725, 0.2493881, -0.1595340, -0.0245437, 0.1840777 
0.0600381, -0.0735619, 0.2359945, -0.1411262, -0.0245437, 0.1840777 
0.0768066, -0.0677212, 0.2282004, -0.0859029, -0.0245437, 0.1840777 
0.0950765, -0.0612910, 0.2205116, -0.0859029, -0.0245437, 0.1840777 
0.1142998, -0.0569347, 0.2118218, -0.0613592, -0.0184078, 0.1902136 
0.1397274, -0.0508408, 0.1995508, -0.0490874, -0.0061359, 0.1902136 
0.1397274, -0.0508408, 0.1995508, -0.0490874, -0.0061359, 0.1902136 
0.1749466, -0.0380981, 0.1847755, -0.0368155, 0.0184078, 0.1840777 
0.1927403, -0.0312760, 0.1776038, -0.0122718, 0.0184078, 0.1902136 
0.1927403, -0.0312760, 0.1776038, -0.0122718, 0.0184078, 0.1902136 
0.2072292, -0.0248184, 0.1732562, -0.0122718, 0.0184078, 0.1902136 
0.2260687, -0.0190161, 0.1647950, -0.0122718, 0.0184078, 0.1902136 
0.2631848, -0.0110261, 0.1516165, 0.0245437, 0.0306796, 0.1902136 
0.2703069, -0.0041384, 0.1474985, 0.0245437, 0.0306796, 0.1902136 
0.2746805, 0.0012367, 0.1464250, 0.0613592, 0.0552233, 0.1902136 
0.3032655, 0.0070079, 0.1326849, 0.1043107, 0.0490874, 0.1902136 
0.3032655, 0.0070079, 0.1326849, 0.1349903, 0.0674952, 0.1902136 
0.3032655, 0.0070079, 0.1326849, 0.1349903, 0.0674952, 0.1902136 
0.3371122, 0.0153668, 0.1165520, 0.1349903, 0.0674952, 0.1902136 
0.3371122, 0.0153668, 0.1165520, 0.1533981, 0.0613592, 0.1902136 
0.3684883, 0.0219540, 0.1020033, 0.1595340, 0.0797670, 0.1902136 
0.3873312, 0.0296934, 0.0895383, 0.1595340, 0.0797670, 0.1902136 
0.3873312, 0.0296934, 0.0895383, 0.1963495, 0.0859029, 0.1840777 
0.4120010, 0.0376278, 0.0731924, 0.2086214, 0.0920388, 0.1840777 
0.4257688, 0.0376643, 0.0654173, 0.2086214, 0.0920388, 0.1840777 
0.4257688, 0.0376643, 0.0654173, 0.2454369, 0.0981748, 0.1840777 
0.4368851, 0.0386084, 0.0608004, 0.2454369, 0.0981748, 0.1840777 
0.4596258, 0.0428161, 0.0477757, 0.2761165, 0.0981748, 0.1963495 
0.4596258, 0.0428161, 0.0477757, 0.2761165, 0.0981748, 0.1963495 
0.4729587, 0.0390295, 0.0435193, 0.3006602, 0.1043107, 0.1963495 
0.4732247, 0.0470419, 0.0407548, 0.3436117, 0.1165825, 0.1963495 
0.4970779, 0.0456505, 0.0318990, 0.3436117, 0.1165825, 0.1963495 
0.5015066, 0.0525869, 0.0264651, 0.3006602, 0.1227185, 0.1840777 
0.5117462, 0.0509400, 0.0249603, 0.3006602, 0.1227185, 0.1840777 
0.5202765, 0.0507749, 0.0232386, 0.3006602, 0.1165825, 0.1779418 
0.5202765, 0.0507749, 0.0224287, 0.3374758, 0.1165825, 0.1779418 
0.5278081, 0.0558991, 0.0212978, 0.3374758, 0.1165825, 0.1779418 
0.5278081, 0.0558991, 0.0212978, 0.3926991, 0.1165825, 0.1779418 
0.5409266, 0.0567228, 0.0214429, 0.3926991, 0.1165825, 0.1779418 
0.5409266, 0.0567228, 0.0214429, 0.3926991, 0.1165825, 0.1779418 
0.5468599, 0.0566661, 0.0227894, 0.4233787, 0.1165825, 0.1779418 
0.5522604, 0.0561236, 0.0244730, 0.4233787, 0.1165825, 0.1779418 
0.5632101, 0.0529423, 0.0269914, 0.4233787, 0.1411262, 0.1779418 
0.5669567, 0.0521182, 0.0275436, 0.4233787, 0.1411262, 0.1779418 
0.5669567, 0.0521182, 0.0275436, 0.4233787, 0.1165825, 0.1779418 
0.5699239, 0.0522888, 0.0279871, 0.4233787, 0.1165825, 0.1779418 
0.5699239, 0.0522888, 0.0279871, 0.4233787, 0.1165825, 0.1779418 
0.5742321, 0.0511632, 0.0293538, 0.4172428, 0.1165825, 0.1718058 
0.5754731, 0.0525983, 0.0291156, 0.4233787, 0.1227185, 0.1656699 
0.5754731, 0.0525983, 0.0291156, 0.4233787, 0.1227185, 0.1656699 
0.5745956, 0.0529578, 0.0270059, 0.4233787, 0.1165825, 0.1718058 
0.5745956, 0.0529578, 0.0270059, 0.4233787, 0.1165825, 0.1718058 
0.5735808, 0.0519674, 0.0246142, 0.4233787, 0.1165825, 0.1718058 
0.5749695, 0.0487797, 0.0237408, 0.4233787, 0.1165825, 0.1718058 
0.5749695, 0.0487797, 0.0237408, 0.4233787, 0.1165825, 0.1718058 
0.5700775, 0.0495981, 0.0216357, 0.4172428, 0.1165825, 0.1595340 
0.5681652, 0.0493882, 0.0231686, 0.4233787, 0.1165825, 0.1595340 
0.5668812, 0.0486271, 0.0256820, 0.4233787, 0.1165825, 0.1595340 
0.5668812, 0.0486271, 0.0256820, 0.4233787, 0.1165825, 0.1595340 
0.5666466, 0.0474650, 0.0256800, 0.4233787, 0.1165825, 0.1595340 
0.5640730, 0.0488829, 0.0251685, 0.4295146, 0.1165825, 0.1595340 
0.5634065, 0.0475143, 0.0253516, 0.4233787, 0.1165825, 0.1533981 
0.5634065, 0.0475143, 0.0253516, 0.4233787, 0.1165825, 0.1411262 
0.5580868, 0.0501316, 0.0274350, 0.4233787, 0.1165825, 0.1411262 
0.5580868, 0.0501316, 0.0274350, 0.4233787, 0.1165825, 0.1533981 
0.5580868, 0.0501316, 0.0274350, 0.4233787, 0.1165825, 0.1533981 
0.5522877, 0.0465809, 0.0283649, 0.4233787, 0.1165825, 0.1533981 
0.5490305, 0.0488913, 0.0275718, 0.4233787, 0.1165825, 0.1533981 
0.5490305, 0.0488913, 0.0275718, 0.4233787, 0.1165825, 0.1533981 
0.5465631, 0.0485451, 0.0271623, 0.4233787, 0.1165825, 0.1718058 
0.5386981, 0.0497118, 0.0300390, 0.4233787, 0.1165825, 0.1718058 
0.5363647, 0.0486872, 0.0304082, 0.4233787, 0.1165825, 0.1718058 
0.5331948, 0.0489864, 0.0299034, 0.4233787, 0.1165825, 0.1718058 
0.5331948, 0.0489864, 0.0299034, 0.4233787, 0.1104466, 0.1411262 
0.5316176, 0.0488026, 0.0301562, 0.4233787, 0.1104466, 0.1411262 
0.5326911, 0.0445317, 0.0316384, 0.4233787, 0.1227185, 0.1349903 
0.5326911, 0.0445317, 0.0316384, 0.4233787, 0.1227185, 0.1349903 
0.5263939, 0.0470768, 0.0380900, 0.4233787, 0.1043107, 0.1349903 
0.5231353, 0.0496868, 0.0383157, 0.4233787, 0.1165825, 0.1411262 
0.5231353, 0.0496868, 0.0383157, 0.4233787, 0.1165825, 0.1411262 
0.5231353, 0.0496868, 0.0383157, 0.4233787, 0.1165825, 0.1411262 
0.5249472, 0.0451273, 0.0444137, 0.4233787, 0.1165825, 0.1472622 
0.5221117, 0.0464868, 0.0473005, 0.4233787, 0.1165825, 0.1472622 
0.5204940, 0.0463004, 0.0509202, 0.4233787, 0.1165825, 0.1472622 
0.5205792, 0.0447793, 0.0524463, 0.4233787, 0.1165825, 0.1349903 
0.5207602, 0.0427796, 0.0532507, 0.4233787, 0.1165825, 0.1349903 
0.5202593, 0.0421759, 0.0522607, 0.4233787, 0.1165825, 0.1349903 
0.5116622, 0.0508345, 0.0530013, 0.4233787, 0.1043107, 0.1411262 
0.5085460, 0.0520504, 0.0537441, 0.4233787, 0.1043107, 0.1411262 
0.5068297, 0.0508659, 0.0542350, 0.4233787, 0.1043107, 0.1411262 
0.5068297, 0.0508659, 0.0542350, 0.4233787, 0.1104466, 0.1349903 
0.5049611, 0.0471129, 0.0557004, 0.4295146, 0.1227185, 0.1349903 
0.4992597, 0.0468869, 0.0543536, 0.4295146, 0.1227185, 0.1349903 
0.4992597, 0.0468869, 0.0543536, 0.4233787, 0.1165825, 0.1349903 
0.4880104, 0.0488843, 0.0569967, 0.4233787, 0.1165825, 0.1411262 
0.4880104, 0.0488843, 0.0569967, 0.4233787, 0.1165825, 0.1411262 
0.4777119, 0.0497481, 0.0566255, 0.4233787, 0.1165825, 0.1349903 
0.4724768, 0.0506681, 0.0564143, 0.4233787, 0.1165825, 0.1349903 
0.4724768, 0.0506681, 0.0564143, 0.4233787, 0.1165825, 0.1349903 
0.4707578, 0.0449501, 0.0577032, 0.4233787, 0.1165825, 0.1349903 
0.4686719, 0.0435179, 0.0588439, 0.4233787, 0.1165825, 0.1349903 
0.4537100, 0.0523888, 0.0551664, 0.4233787, 0.1104466, 0.1349903 
0.4470301, 0.0553079, 0.0539757, 0.4233787, 0.1104466, 0.1349903 
0.4470301, 0.0553079, 0.0539757, 0.4233787, 0.1104466, 0.1349903 
0.4406818, 0.0477431, 0.0517331, 0.4233787, 0.1165825, 0.1411262 
0.4406818, 0.0477431, 0.0517331, 0.4233787, 0.1165825, 0.1411262 
0.4262312, 0.0599459, 0.0507085, 0.4233787, 0.1165825, 0.1349903 
0.4262312, 0.0599459, 0.0507085, 0.4233787, 0.1165825, 0.1349903 
0.4101435, 0.0528561, 0.0479006, 0.4233787, 0.1165825, 0.1349903 
0.4101435, 0.0528561, 0.0479006, 0.4233787, 0.1165825, 0.1349903 
0.3856497, 0.0543699, 0.0496083, 0.4233787, 0.1165825, 0.1227185 
0.3856497, 0.0543699, 0.0496083, 0.4233787, 0.1165825, 0.1227185 
0.3856497, 0.0543699, 0.0496083, 0.4233787, 0.1165825, 0.1288544 
0.3707589, 0.0442100, 0.0475623, 0.4233787, 0.1165825, 0.1288544 
0.3557868, 0.0500520, 0.0460833, 0.4233787, 0.1165825, 0.1227185 
0.3523269, 0.0466487, 0.0463550, 0.4233787, 0.1165825, 0.1227185 
0.3408162, 0.0456596, 0.0427241, 0.4295146, 0.1104466, 0.1227185 
0.3324308, 0.0426378, 0.0419534, 0.4295146, 0.1104466, 0.1227185 
0.3172842, 0.0429988, 0.0418558, 0.4233787, 0.1227185, 0.1227185 
0.2918790, 0.0427787, 0.0382578, 0.4233787, 0.1104466, 0.1288544 
0.2918790, 0.0427787, 0.0382578, 0.4356506, 0.0920388, 0.1104466 
0.2658449, 0.0376838, 0.0383836, 0.4356506, 0.0920388, 0.1104466 
0.2658449, 0.0376838, 0.0383836, 0.4356506, 0.0920388, 0.1104466 
0.2658449, 0.0376838, 0.0383836, 0.4356506, 0.0981748, 0.1288544 
0.2490894, 0.0321683, 0.0356482, 0.4356506, 0.0981748, 0.1288544 
0.2490894, 0.0321683, 0.0356482, 0.4172428, 0.0981748, 0.1165825 
0.2215774, 0.0291602, 0.0371178, 0.4172428, 0.0981748, 0.1165825 
0.1906955, 0.0301387, 0.0398955, 0.3804272, 0.0981748, 0.1104466 
0.1906955, 0.0301387, 0.0398955, 0.3804272, 0.0981748, 0.1104466 
0.1693019, 0.0192221, 0.0418481, 0.3558835, 0.0920388, 0.1227185 
0.1627034, 0.0202108, 0.0425094, 0.3374758, 0.0981748, 0.1227185 
0.1503634, 0.0208302, 0.0437579, 0.3374758, 0.0981748, 0.1227185 
0.1503634, 0.0208302, 0.0437579, 0.3067962, 0.0859029, 0.1227185 
0.1253467, 0.0150867, 0.0493982, 0.3006602, 0.0981748, 0.1227185 
0.1253467, 0.0150867, 0.0493982, 0.3006602, 0.0981748, 0.1227185 
0.1151342, 0.0113107, 0.0497046, 0.3006602, 0.0981748, 0.1227185 
0.1032027, 0.0126690, 0.0526240, 0.2638447, 0.0797670, 0.1288544 
0.0837309, 0.0202878, 0.0550126, 0.2761165, 0.0797670, 0.1104466 
0.0836645, 0.0015715, 0.0542851, 0.2761165, 0.0797670, 0.1104466 
0.0836645, 0.0015715, 0.0542851, 0.2761165, 0.0797670, 0.1104466 
0.0673912, -0.0027869, 0.0564254, 0.2515728, 0.0797670, 0.1227185 
0.0356915, 0.0017495, 0.0638391, 0.2208932, 0.0736311, 0.1227185 
0.0356915, 0.0017495, 0.0638391, 0.2086214, 0.0613592, 0.1227185 
0.0356915, 0.0017495, 0.0638391, 0.2086214, 0.0613592, 0.1227185 
0.0159348, -0.0057041, 0.0656662, 0.1963495, 0.0613592, 0.1227185 
-0.0062795, -0.0117160, 0.0686156, 0.1963495, 0.0613592, 0.1227185 
-0.0062795, -0.0117160, 0.0686156, 0.1779418, 0.0613592, 0.1227185 
-0.0117565, -0.0145492, 0.0691154, 0.1533981, 0.0613592, 0.1227185 
-0.0323913, -0.0199474, 0.0720519, 0.1533981, 0.0613592, 0.1227185 
-0.0441218, -0.0153024, 0.0728957, 0.1533981, 0.0552233, 0.1227185 
-0.0539594, -0.0202683, 0.0742274, 0.1533981, 0.0552233, 0.1227185 
-0.0539594, -0.0202683, 0.0742274, 0.1533981, 0.0552233, 0.1227185 
-0.0644746, -0.0181045, 0.0735559, 0.1043107, 0.0552233, 0.1227185 
-0.0711049, -0.0213502, 0.0750966, 0.1043107, 0.0552233, 0.1227185 
-0.0711049, -0.0213502, 0.0750966, 0.1043107, 0.0552233, 0.1227185 
-0.0827634, -0.0294451, 0.0728600, 0.0797670, 0.0552233, 0.1227185 
-0.0950741, -0.0283905, 0.0741338, 0.0613592, 0.0429515, 0.1227185 
-0.0950741, -0.0283905, 0.0741338, 0.0613592, 0.0429515, 0.1227185 
-0.1086237, -0.0303139, 0.0744168, 0.0613592, 0.0429515, 0.1227185 
-0.1086237, -0.0303139, 0.0744168, 0.0552233, 0.0306796, 0.1227185 
-0.1128908, -0.0317630, 0.0757626, 0.0613592, 0.0368155, 0.1227185 
-0.1125843, -0.0387285, 0.0764638, 0.0613592, 0.0368155, 0.1227185 
-0.1165051, -0.0369868, 0.0765545, 0.0552233, 0.0552233, 0.1227185 
-0.1230510, -0.0323066, 0.0788622, 0.0552233, 0.0552233, 0.1227185 
-0.1255351, -0.0346099, 0.0816095, 0.0368155, 0.0306796, 0.1227185 
-0.1255351, -0.0346099, 0.0816095, 0.0368155, 0.0306796, 0.1227185 
-0.1200135, -0.0432575, 0.0839924, 0.0306796, 0.0245437, 0.1227185 
-0.1215125, -0.0429166, 0.0848240, 0.0000000, 0.0306796, 0.1227185 
-0.1215125, -0.0429166, 0.0848240, 0.0000000, 0.0306796, 0.1227185 
-0.1240998, -0.0400722, 0.0864556, 0.0490874, 0.0306796, 0.1227185 
-0.1297823, -0.0344037, 0.0910401, 0.0490874, 0.0306796, 0.1227185 
-0.1297823, -0.0344037, 0.0910401, 0.0122718, 0.0306796, 0.1288544 
-0.1282658, -0.0376015, 0.0967451, 0.0122718, 0.0306796, 0.1227185 
-0.1282658, -0.0376015