-0.0199967, -0.0165789, -0.0140514, -0.0245437, 0.0613592, -0.0245437 
-0.0199967, -0.0165789, -0.0140514, -0.0245437, 0.0613592, -0.0245437 
-0.0226773, -0.0133401, -0.0146679, -0.0245437, 0.0613592, -0.1411262 
-0.0238451, -0.0123823, -0.0155928, -0.0306796, 0.0552233, -0.0245437 
-0.0238451, -0.0123823, -0.0155928, -0.0306796, 0.0552233, -0.0245437 
-0.0228806, -0.0128520, -0.0166692, -0.0245437, 0.0736311, -0.0245437 
-0.0177589, -0.0208120, -0.0168658, -0.0245437, 0.0736311, -0.0245437 
-0.0177589, -0.0208120, -0.0168658, -0.0245437, 0.0736311, -0.0245437 
-0.0177589, -0.0208120, -0.0168658, -0.0245437, 0.0490874, -0.0245437 
-0.0172959, -0.0207650, -0.0174340, -0.0245437, 0.0490874, -0.0245437 
-0.0188130, -0.0188436, -0.0176566, -0.0245437, 0.0490874, -0.0245437 
-0.0188130, -0.0188436, -0.0176566, -0.0245437, 0.0490874, -0.0245437 
-0.0166218, -0.0212144, -0.0180168, -0.0245437, 0.0490874, -0.0245437 
-0.0166218, -0.0212144, -0.0180168, -0.0245437, 0.0490874, -0.0245437 
-0.0152601, -0.0222548, -0.0182050, -0.0245437, 0.0490874, -0.0245437 
-0.0151979, -0.0215352, -0.0181396, -0.0245437, 0.0490874, -0.0245437 
-0.0151979, -0.0215352, -0.0181396, -0.0245437, 0.0490874, -0.0245437 
-0.0146241, -0.0221264, -0.0182996, -0.0245437, 0.0490874, -0.0245437 
-0.0145853, -0.0220183, -0.0182489, -0.0245437, 0.0490874, -0.0245437 
-0.0142695, -0.0221398, -0.0183239, -0.0245437, 0.0490874, -0.0245437 
-0.0147612, -0.0221022, -0.0185300, -0.0245437, 0.0490874, -0.0245437 
-0.0147612, -0.0221022, -0.0185300, -0.0245437, 0.0490874, -0.0245437 
-0.0154243, -0.0209285, -0.0186236, -0.0245437, 0.0429515, -0.0245437 
-0.0166286, -0.0204455, -0.0183914, -0.0245437, 0.0490874, -0.0245437 
-0.0159328, -0.0215376, -0.0185828, -0.0245437, 0.0490874, -0.0245437 
-0.0161287, -0.0213982, -0.0184131, -0.0245437, 0.0490874, -0.0245437 
-0.0156283, -0.0240731, -0.0169078, -0.0245437, 0.0490874, -0.0245437 
-0.0204229, -0.0182465, -0.0151492, -0.0245437, 0.0490874, -0.0245437 
-0.0204229, -0.0182465, -0.0151492, -0.0245437, 0.0490874, -0.0245437 
-0.0200652, -0.0198701, -0.0142911, -0.0245437, 0.0490874, -0.0245437 
-0.0208878, -0.0192553, -0.0128058, -0.0245437, 0.0490874, -0.0245437 
-0.0205287, -0.0201736, -0.0127743, -0.0245437, 0.0490874, -0.0245437 
-0.0205287, -0.0201736, -0.0127743, -0.0245437, 0.0490874, -0.0245437 
-0.0224869, -0.0180903, -0.0121868, -0.0245437, 0.0490874, -0.0245437 
-0.0206801, -0.0200821, -0.0119792, -0.0245437, 0.0490874, -0.0245437 
-0.0206801, -0.0200821, -0.0119792, -0.0184078, 0.0490874, -0.0245437 
-0.0205871, -0.0208328, -0.0112686, -0.0245437, 0.0490874, -0.0245437 
-0.0205871, -0.0208328, -0.0112686, -0.0245437, 0.0490874, -0.0245437 
-0.0194528, -0.0216664, -0.0118629, -0.0245437, 0.0490874, -0.0245437 
-0.0193870, -0.0217279, -0.0110985, -0.0245437, 0.0490874, -0.0245437 
-0.0191436, -0.0212990, -0.0111738, -0.0245437, 0.0490874, -0.0245437 
-0.0191436, -0.0212990, -0.0111738, -0.0245437, 0.0490874, -0.0245437 
-0.0191436, -0.0212990, -0.0111738, -0.0245437, 0.0490874, -0.0245437 
-0.0197108, -0.0203249, -0.0116449, -0.0245437, 0.0429515, -0.0245437 
-0.0197108, -0.0203249, -0.0116449, -0.0245437, 0.0490874, -0.0245437 
-0.0201555, -0.0195603, -0.0117736, -0.0245437, 0.0490874, -0.0245437 
-0.0189708, -0.0198849, -0.0126018, -0.0245437, 0.0490874, -0.0245437 
-0.0180723, -0.0210462, -0.0127564, -0.0245437, 0.0490874, -0.0245437 
-0.0194468, -0.0192435, -0.0126618, -0.0245437, 0.0490874, -0.0245437 
-0.0194468, -0.0192435, -0.0126618, -0.0245437, 0.0490874, -0.0245437 
-0.0190942, -0.0200728, -0.0128281, -0.0245437, 0.0490874, -0.0245437 
-0.0200397, -0.0193026, -0.0127037, -0.0245437, -0.1165825, -0.0245437 
-0.0200397, -0.0193026, -0.0127037, -0.0245437, -0.1165825, -0.0245437 
-0.0192418, -0.0207724, -0.0127862, -0.0306796, 0.0552233, -0.0245437 
-0.0191354, -0.0208355, -0.0122471, -0.0245437, 0.0552233, -0.0245437 
-0.0195364, -0.0196722, -0.0131713, -0.0245437, 0.0552233, -0.0245437 
-0.0190653, -0.0204702, -0.0127924, -0.0245437, 0.0490874, -0.0245437 
-0.0189280, -0.0206647, -0.0133827, -0.0245437, 0.0490874, -0.0245437 
-0.0189280, -0.0206647, -0.0133827, -0.0245437, 0.0552233, -0.0245437 
-0.0182570, -0.0210273, -0.0133835, -0.0245437, 0.0552233, -0.0245437 
-0.0186898, -0.0197840, -0.0138444, -0.0245437, 0.0552233, -0.0245437 
-0.0210442, -0.0165433, -0.0140433, -0.0245437, 0.0490874, -0.0245437 
-0.0188519, -0.0189745, -0.0142852, -0.0245437, 0.0490874, -0.0245437 
-0.0189635, -0.0189429, -0.0136238, -0.0245437, 0.0490874, -0.0245437 
-0.0189635, -0.0189429, -0.0136238, -0.0245437, 0.0490874, -0.0245437 
-0.0186965, -0.0193752, -0.0130975, -0.0245437, 0.0490874, -0.0245437 
-0.0194259, -0.0184176, -0.0129471, -0.0245437, 0.0490874, -0.0245437 
-0.0193242, -0.0182491, -0.0122153, -0.0245437, 0.0490874, -0.0245437 
-0.0189604, -0.0190085, -0.0119767, -0.0245437, 0.0552233, -0.0245437 
-0.0199469, -0.0175054, -0.0116367, -0.0245437, 0.0490874, -0.0245437 
-0.0194998, -0.0179564, -0.0112177, -0.0245437, 0.0490874, -0.0245437 
-0.0193530, -0.0176829, -0.0109527, -0.0245437, 0.0490874, -0.0245437 
-0.0198012, -0.0171097, -0.0108071, -0.0429515, 0.0490874, -0.0245437 
-0.0195809, -0.0192886, -0.0105965, -0.0245437, 0.0490874, -0.0245437 
-0.0195809, -0.0192886, -0.0105965, -0.0245437, 0.0490874, -0.0245437 
-0.0180004, -0.0220824, -0.0112973, -0.0245437, 0.0490874, -0.0245437 
-0.0180004, -0.0220824, -0.0112973, -0.0245437, 0.0490874, -0.0245437 
-0.0186173, -0.0217208, -0.0115925, -0.0245437, 0.0490874, -0.0245437 
-0.0190221, -0.0216588, -0.0115891, -0.0245437, 0.0490874, -0.0245437 
-0.0190221, -0.0216588, -0.0115891, -0.0245437, 0.0490874, -0.0245437 
-0.0202921, -0.0213187, -0.0112099, -0.0245437, 0.0490874, -0.0245437 
-0.0202921, -0.0213187, -0.0112099, -0.0245437, 0.0490874, -0.0245437 
-0.0190746, -0.0226606, -0.0116500, -0.0245437, 0.0490874, -0.0245437 
-0.0221719, -0.0181068, -0.0121265, -0.0245437, 0.0306796, -0.0245437 
-0.0221719, -0.0181068, -0.0121265, -0.0245437, 0.0306796, -0.0245437 
-0.0224680, -0.0176387, -0.0121072, -0.0245437, 0.0490874, -0.0245437 
-0.0219778, -0.0178183, -0.0123186, -0.0245437, 0.0490874, -0.0245437 
-0.0219778, -0.0178183, -0.0123186, -0.0245437, 0.0552233, -0.0245437 
-0.0218583, -0.0185728, -0.0120644, -0.0245437, 0.0552233, -0.0245437 
-0.0214190, -0.0190614, -0.0123534, -0.0245437, 0.0490874, -0.0245437 
-0.0187660, -0.0232172, -0.0121780, -0.0245437, 0.0490874, -0.0245437 
-0.0189456, -0.0230604, -0.0122596, -0.0245437, 0.0490874, -0.0245437 
-0.0171772, -0.0271411, -0.0122535, -0.0245437, 0.0490874, -0.0245437 
-0.0171772, -0.0271411, -0.0122535, -0.0245437, 0.0490874, -0.0245437 
-0.0174969, -0.0280501, -0.0117573, -0.0245437, 0.0490874, -0.0245437 
-0.0171348, -0.0286107, -0.0114591, -0.0245437, 0.0306796, -0.0245437 
-0.0158604, -0.0287250, -0.0112631, -0.0245437, 0.0306796, -0.0245437 
-0.0158563, -0.0284971, -0.0116744, -0.0306796, 0.0306796, -0.0245437 
-0.0155215, -0.0284029, -0.0126623, -0.0306796, 0.0306796, -0.0245437 
-0.0155215, -0.0284029, -0.0126623, -0.0245437, 0.0306796, -0.0245437 
-0.0156503, -0.0290023, -0.0127328, -0.0245437, 0.0306796, -0.0245437 
-0.0165510, -0.0282131, -0.0126981, -0.0245437, 0.0306796, -0.0245437 
-0.0165510, -0.0282131, -0.0126981, -0.0245437, 0.0306796, -0.0245437 
-0.0162233, -0.0278191, -0.0130073, -0.0245437, 0.0306796, -0.0245437 
-0.0162233, -0.0278191, -0.0130073, -0.0245437, 0.0306796, -0.0245437 
-0.0163491, -0.0272942, -0.0139018, -0.0245437, 0.0306796, -0.0245437 
-0.0163491, -0.0272942, -0.0139018, -0.0245437, 0.0306796, -0.0245437 
-0.0194790, -0.0231458, -0.0143155, -0.0245437, 0.0306796, -0.0245437 
-0.0194790, -0.0231458, -0.0143155, -0.0245437, 0.0368155, -0.0245437 
-0.0181820, -0.0240779, -0.0145656, -0.0245437, 0.0368155, -0.0245437 
-0.0178720, -0.0238723, -0.0146626, -0.0245437, 0.0368155, -0.0245437 
-0.0169688, -0.0252755, -0.0141274, -0.0245437, 0.0552233, -0.0245437 
-0.0190436, -0.0222368, -0.0137816, -0.0245437, 0.0490874, -0.0245437 
-0.0220698, -0.0185865, -0.0133238, -0.0306796, 0.0490874, -0.0245437 
-0.0220698, -0.0185865, -0.0133238, -0.0306796, 0.0490874, -0.0245437 
-0.0212244, -0.0197928, -0.0136136, -0.0245437, 0.0490874, -0.0245437 
-0.0212244, -0.0197928, -0.0136136, -0.0245437, 0.0490874, -0.0245437 
-0.0221479, -0.0190308, -0.0133119, -0.0245437, 0.0490874, -0.0245437 
-0.0222439, -0.0188856, -0.0135331, -0.0245437, 0.0490874, -0.0245437 
-0.0222439, -0.0188856, -0.0135331, -0.0245437, 0.0490874, -0.0245437 
-0.0215935, -0.0211420, -0.0136106, -0.0245437, 0.0490874, -0.0245437 
-0.0214648, -0.0224346, -0.0136166, -0.0306796, 0.0490874, -0.0245437 
-0.0214648, -0.0224346, -0.0136166, -0.0245437, 0.0490874, -0.0245437 
-0.0217524, -0.0222316, -0.0135062, -0.0245437, 0.0490874, -0.0245437 
-0.0216124, -0.0219418, -0.0139279, -0.0245437, 0.0490874, -0.0245437 
-0.0205415, -0.0231635, -0.0142087, -0.0245437, 0.0490874, -0.0245437 
-0.0205415, -0.0231635, -0.0142087, -0.0245437, 0.0490874, -0.0245437 
-0.0202329, -0.0237487, -0.0142065, -0.0245437, 0.0490874, -0.0245437 
-0.0206322, -0.0231261, -0.0144701, -0.0245437, 0.0490874, -0.0245437 
-0.0181691, -0.0280479, -0.0142682, -0.0245437, 0.0490874, -0.0245437 
-0.0154396, -0.0314762, -0.0149433, -0.0245437, 0.0552233, -0.0245437 
-0.0162247, -0.0302359, -0.0152027, -0.0245437, 0.0552233, -0.0245437 
-0.0160915, -0.0299508, -0.0151494, -0.0245437, 0.0429515, -0.0245437 
-0.0160754, -0.0301140, -0.0150226, -0.0245437, 0.0306796, -0.0245437 
-0.0158146, -0.0301712, -0.0152853, -0.0245437, 0.0306796, -0.0245437 
-0.0148854, -0.0323668, -0.0154915, -0.0245437, 0.0306796, -0.0245437 
-0.0152754, -0.0317341, -0.0154980, -0.0245437, 0.0306796, -0.0061359 
-0.0145047, -0.0325476, -0.0158859, -0.0245437, 0.0306796, -0.0061359 
-0.0142786, -0.0326323, -0.0153726, -0.0245437, 0.0490874, -0.0245437 
-0.0141047, -0.0326585, -0.0153483, -0.0245437, 0.0490874, -0.0245437 
-0.0139515, -0.0322401, -0.0151068, -0.0245437, 0.0306796, -0.0245437 
-0.0124782, -0.0348993, -0.0156369, -0.0245437, 0.0245437, -0.0245437 
-0.0124285, -0.0344499, -0.0156940, -0.0245437, 0.0245437, -0.0245437 
-0.0144200, -0.0313957, -0.0159558, -0.0245437, 0.0306796, -0.1288544 
-0.0144200, -0.0313957, -0.0159558, -0.0245437, 0.0306796, -0.1288544 
-0.0151758, -0.0289046, -0.0166111, -0.0245437, 0.0306796, -0.1288544 
-0.0151758, -0.0289046, -0.0166111, -0.0245437, 0.0306796, -0.0245437 
-0.0152324, -0.0283358, -0.0169979, -0.0245437, 0.0306796, -0.0245437 
-0.0146143, -0.0287292, -0.0167877, -0.0245437, 0.0306796, -0.0245437 
-0.0146143, -0.0287292, -0.0167877, -0.0245437, 0.0306796, -0.0245437 
-0.0138299, -0.0295063, -0.0160095, -0.0245437, 0.0306796, -0.0245437 
-0.0138299, -0.0295063, -0.0160095, -0.0245437, 0.0306796, -0.0245437 
-0.0138299, -0.0295063, -0.0160095, -0.0245437, 0.0306796, -0.0245437 
-0.0131210, -0.0313461, -0.0152058, -0.0245437, 0.0306796, -0.0245437 
-0.0133760, -0.0315479, -0.0147996, -0.0245437, 0.0306796, -0.0245437 
-0.0123525, -0.0334552, -0.0148130, -0.0245437, 0.0306796, -0.0245437 
-0.0121364, -0.0333646, -0.0149049, -0.0245437, -0.0245437, -0.0245437 
-0.0121364, -0.0333646, -0.0149049, -0.0245437, -0.0245437, -0.0245437 
-0.0131625, -0.0330148, -0.0145823, -0.0245437, 0.0306796, -0.0245437 
-0.0128890, -0.0328433, -0.0152363, -0.0245437, 0.0306796, -0.0245437 
-0.0128890, -0.0328433, -0.0152363, -0.0245437, 0.0306796, -0.0245437 
-0.0124965, -0.0344612, -0.0146369, -0.0245437, 0.0306796, -0.0245437 
-0.0133319, -0.0329356, -0.0149802, -0.0245437, 0.0306796, -0.0245437 
-0.0133319, -0.0329356, -0.0149802, -0.0245437, 0.0368155, -0.0245437 
-0.0127169, -0.0335089, -0.0151294, -0.0245437, 0.0306796, -0.0245437 
-0.0127169, -0.0335089, -0.0151294, -0.0245437, 0.0306796, -0.0245437 
-0.0128058, -0.0330495, -0.0153385, -0.0245437, 0.0306796, -0.0245437 
-0.0132254, -0.0318353, -0.0155973, -0.0245437, 0.0306796, -0.0245437 
-0.0132254, -0.0318353, -0.0155973, -0.0245437, 0.0306796, -0.0245437 
-0.0129652, -0.0325459, -0.0153227, -0.0245437, 0.0306796, -0.0245437 
-0.0135030, -0.0319449, -0.0155250, -0.0245437, 0.0306796, -0.0245437 
-0.0135030, -0.0319449, -0.0155250, -0.0245437, 0.0368155, -0.0368155 
-0.0136391, -0.0311465, -0.0158371, -0.0245437, 0.0368155, -0.0368155 
-0.0132150, -0.0306886, -0.0164533, -0.0245437, 0.0306796, -0.0245437 
-0.0134673, -0.0293944, -0.0167808, -0.0245437, 0.0306796, -0.0245437 
-0.0134673, -0.0293944, -0.0167808, -0.0245437, -0.0061359, -0.0245437 
-0.0132690, -0.0290089, -0.0171648, -0.0245437, -0.0061359, -0.0245437 
-0.0137206, -0.0296657, -0.0169067, -0.0245437, 0.0306796, -0.0245437 
-0.0148219, -0.0273823, -0.0172823, -0.0245437, 0.0306796, -0.0245437 
-0.0152777, -0.0269446, -0.0170341, -0.0245437, 0.0306796, -0.0245437 
-0.0167111, -0.0241843, -0.0176955, -0.0245437, 0.0306796, -0.0245437 
-0.0167111, -0.0241843, -0.0176955, -0.0245437, 0.0306796, -0.0245437 
-0.0166128, -0.0230337, -0.0186865, -0.0245437, 0.0306796, -0.0245437 
-0.0166128, -0.0230337, -0.0186865, -0.0306796, 0.0429515, -0.0245437 
-0.0167207, -0.0210452, -0.0195968, -0.0552233, 0.0552233, -0.0245437 
-0.0156402, -0.0214951, -0.0203490, -0.0552233, 0.0552233, -0.0245437 
-0.0167331, -0.0205531, -0.0202459, -0.0552233, 0.0552233, -0.0245437 
-0.0162522, -0.0208105, -0.0209696, -0.0245437, 0.0552233, -0.0245437 
-0.0167919, -0.0188836, -0.0218301, -0.0245437, 0.0552233, -0.0245437 
-0.0164641, -0.0214136, -0.0215816, -0.0245437, 0.0490874, -0.0245437 
-0.0164641, -0.0214136, -0.0215816, -0.0245437, 0.0490874, -0.0245437 
-0.0160029, -0.0216813, -0.0218882, -0.1043107, 0.0490874, -0.0245437 
-0.0153231, -0.0213992, -0.0226666, -0.0245437, 0.0490874, -0.0245437 
-0.0152317, -0.0215384, -0.0225964, -0.0245437, 0.0490874, -0.0245437 
-0.0152317, -0.0215384, -0.0225964, -0.0245437, 0.0490874, -0.0245437 
-0.0150664, -0.0212333, -0.0228111, -0.0245437, 0.0490874, -0.0245437 
-0.0161663, -0.0211227, -0.0212343, -0.0245437, 0.0490874, -0.0245437 
-0.0148862, -0.0233127, -0.0209542, -0.0245437, 0.0490874, -0.0245437 
-0.0148862, -0.0233127, -0.0209542, -0.0306796, 0.0490874, -0.0245437 
-0.0148862, -0.0233127, -0.0209542, -0.0306796, 0.0490874, -0.0245437 
-0.0144877, -0.0240816, -0.0209536, -0.0306796, 0.0490874, -0.0245437 
-0.0167583, -0.0196917, -0.0206729, -0.0306796, 0.0490874, -0.0245437 
-0.0159648, -0.0206860, -0.0207673, -0.0306796, 0.0490874, -0.0245437 
-0.0170928, -0.0158977, -0.0221328, -0.0245437, 0.0490874, -0.0245437 
-0.0173758, -0.0145536, -0.0226012, -0.0245437, 0.0490874, -0.0245437 
-0.0185734, -0.0120244, -0.0231641, -0.0245437, 0.0490874, -0.0245437 
-0.0177252, -0.0131038, -0.0237023, -0.0245437, 0.0490874, -0.0245437 
-0.0177252, -0.0131038, -0.0237023, -0.0245437, 0.0490874, -0.0245437 
-0.0170473, -0.0137377, -0.0239539, -0.0245437, 0.0490874, -0.0245437 
-0.0155193, -0.0152187, -0.0247482, -0.0245437, 0.0490874, -0.0245437 
-0.0101554, -0.0228737, -0.0254087, -0.0245437, 0.0490874, -0.0245437 
-0.0101554, -0.0228737, -0.0254087, -0.0245437, 0.0490874, -0.0245437 
-0.0101554, -0.0228737, -0.0254087, -0.0245437, 0.0490874, -0.0245437 
-0.0082790, -0.0253864, -0.0262439, -0.0245437, 0.0490874, -0.0245437 
-0.0082790, -0.0253864, -0.0262439, -0.0245437, 0.0490874, -0.0245437 
-0.0095684, -0.0230184, -0.0265053, -0.0245437, 0.0490874, -0.0245437 
-0.0088425, -0.0248571, -0.0267041, -0.0245437, 0.0490874, -0.0245437 
-0.0102944, -0.0228832, -0.0267333, -0.0245437, 0.0490874, -0.0245437 
-0.0102944, -0.0228832, -0.0267333, -0.0245437, 0.0490874, -0.0245437 
-0.0111153, -0.0229717, -0.0264368, -0.0245437, 0.0490874, -0.0245437 
-0.0104975, -0.0264874, -0.0256460, -0.0245437, 0.0306796, -0.0245437 
-0.0088721, -0.0302140, -0.0260056, -0.0245437, 0.0306796, -0.0245437 
-0.0106244, -0.0282621, -0.0265765, -0.0245437, 0.0306796, -0.0245437 
-0.0106244, -0.0282621, -0.0265765, -0.0245437, 0.0429515, -0.0245437 
-0.0099089, -0.0292612, -0.0269370, -0.0245437, 0.0306796, -0.0245437 
-0.0099089, -0.0292612, -0.0269370, -0.0245437, 0.0306796, -0.0245437 
-0.0102534, -0.0283588, -0.0283828, -0.0245437, 0.0306796, -0.0245437 
-0.0107457, -0.0244956, -0.0295441, -0.0245437, 0.0306796, -0.0245437 
-0.0107457, -0.0244956, -0.0295441, -0.0245437, 0.0306796, -0.0245437 
-0.0107457, -0.0244956, -0.0295441, -0.0245437, 0.0306796, -0.0245437 
-0.0116163, -0.0160162, -0.0330506, -0.0245437, 0.0429515, -0.0245437 
-0.0116163, -0.0160162, -0.0330506, -0.0245437, 0.0429515, -0.0245437 
-0.0122721, -0.0142158, -0.0332358, -0.0245437, 0.0429515, -0.0245437 
-0.0106739, -0.0160204, -0.0331080, -0.0245437, 0.0552233, -0.0245437 
-0.0103232, -0.0154843, -0.0336980, -0.0245437, 0.0552233, -0.0245437 
-0.0113318, -0.0144505, -0.0332790, -0.0245437, 0.0490874, -0.0245437 
-0.0119191, -0.0143382, -0.0330216, -0.0245437, 0.0490874, -0.0245437 
-0.0119191, -0.0143382, -0.0330216, -0.0306796, 0.0490874, -0.0245437 
-0.0116977, -0.0150263, -0.0327503, -0.0306796, 0.0490874, -0.0245437 
-0.0111221, -0.0152961, -0.0328376, -0.0245437, 0.0490874, -0.0245437 
-0.0111221, -0.0152961, -0.0328376, -0.0245437, 0.0490874, -0.0245437 
-0.0117752, -0.0149209, -0.0321228, -0.0245437, 0.0490874, -0.0245437 
-0.0117752, -0.0149209, -0.0321228, -0.0245437, 0.0490874, -0.0245437 
-0.0117752, -0.0149209, -0.0321228, -0.0245437, 0.0552233, -0.0245437 
-0.0113312, -0.0150835, -0.0319243, -0.0306796, 0.0490874, -0.0245437 
-0.0113312, -0.0150835, -0.0319243, -0.0306796, 0.0490874, -0.0245437 
-0.0104627, -0.0155410, -0.0319376, -0.0306796, 0.0490874, -0.0245437 
-0.0103487, -0.0146644, -0.0321956, -0.0245437, 0.0490874, -0.0245437 
-0.0093765, -0.0152973, -0.0324026, -0.0245437, 0.0490874, -0.0245437 
-0.0086641, -0.0159722, -0.0326368, -0.0245437, 0.0490874, -0.0306796 
-0.0086641, -0.0159722, -0.0326368, -0.0245437, 0.0490874, -0.0245437 
-0.0054706, -0.0209449, -0.0327053, -0.0245437, 0.0490874, -0.0245437 
-0.0000569, -0.0304696, -0.0329353, -0.0245437, 0.0490874, -0.0245437 
0.0020613, -0.0352658, -0.0322621, -0.0490874, 0.0429515, -0.0245437 
-0.0024987, -0.0296738, -0.0326067, -0.0245437, 0.0306796, -0.0245437 
-0.0024987, -0.0296738, -0.0326067, -0.0245437, 0.0306796, -0.0245437 
-0.0033327, -0.0293773, -0.0324503, -0.0245437, 0.0306796, -0.0245437 
-0.0033327, -0.0293773, -0.0324503, -0.0245437, 0.0306796, -0.0245437 
-0.0089018, -0.0180107, -0.0362633, -0.0245437, 0.0306796, -0.0245437 
-0.0089018, -0.0180107, -0.0362633, -0.0245437, 0.0306796, -0.0245437 
0.0029729, -0.0279457, -0.0404872, -0.0245437, 0.0306796, -0.0245437 
0.0017552, -0.0256563, -0.0435801, -0.0245437, 0.0368155, -0.0245437 
0.0014921, -0.0270237, -0.0449080, -0.0245437, 0.0490874, 0.0245437 
0.0014921, -0.0270237, -0.0449080, -0.0245437, 0.0490874, 0.0245437 
-0.0026890, -0.0207186, -0.0454135, -0.0245437, 0.0429515, -0.0245437 
-0.0006256, -0.0212758, -0.0469494, -0.0245437, 0.0429515, -0.0245437 
0.0045604, -0.0262333, -0.0532787, -0.0245437, 0.0490874, -0.0245437 
-0.0013887, -0.0178816, -0.0575409, -0.0245437, 0.0429515, -0.0245437 
0.0027571, -0.0219694, -0.0591186, -0.0245437, 0.0429515, -0.0245437 
0.0049207, -0.0236575, -0.0673467, -0.0245437, 0.0429515, -0.0245437 
0.0038840, -0.0201804, -0.0714032, -0.0245437, 0.0490874, -0.0245437 
0.0082959, -0.0265174, -0.0783598, -0.0245437, 0.0490874, -0.0245437 
0.0082959, -0.0265174, -0.0783598, -0.0245437, 0.0490874, -0.0245437 
0.0105368, -0.0274026, -0.0881800, -0.0245437, 0.0490874, -0.0245437 
0.0105368, -0.0274026, -0.0881800, -0.0245437, 0.0429515, -0.0245437 
0.0114550, -0.0240793, -0.1040813, -0.0245437, 0.0306796, -0.0306796 
0.0114550, -0.0240793, -0.1040813, -0.0245437, 0.0306796, -0.0306796 
0.0138060, -0.0226949, -0.1189049, -0.0245437, 0.0429515, -0.0245437 
0.0141843, -0.0214599, -0.1292717, -0.0245437, 0.0552233, -0.0245437 
0.0141843, -0.0214599, -0.1292717, -0.0245437, 0.0552233, -0.0245437 
0.0132132, -0.0168170, -0.1331360, -0.0245437, 0.0552233, -0.0245437 
0.0156798, -0.0170438, -0.1466960, -0.0245437, 0.0552233, -0.0245437 
0.0163992, -0.0228491, -0.1521829, -0.0245437, 0.0490874, -0.0245437 
0.0134382, -0.0143641, -0.1616526, -0.0245437, 0.0429515, -0.0245437 
0.0134382, -0.0143641, -0.1616526, -0.0245437, 0.0429515, -0.0245437 
0.0175469, -0.0212958, -0.1691282, -0.0245437, 0.0613592, -0.0245437 
0.0195208, -0.0253770, -0.1776680, -0.0245437, 0.0613592, -0.0245437 
0.0174074, -0.0243477, -0.1911174, -0.0245437, 0.0490874, -0.0245437 
0.0174074, -0.0243477, -0.1911174, -0.0245437, 0.0490874, -0.0245437 
0.0125854, -0.0188528, -0.2128974, -0.0245437, 0.0490874, -0.0245437 
0.0125854, -0.0188528, -0.2128974, -0.0245437, 0.0490874, -0.0184078 
0.0125854, -0.0188528, -0.2128974, -0.0245437, 0.0490874, -0.0184078 
0.0114017, -0.0219593, -0.2488873, -0.0306796, 0.0490874, -0.0368155 
0.0114017, -0.0219593, -0.2488873, -0.0306796, 0.0490874, -0.0368155 
0.0037332, -0.0125339, -0.2639305, -0.0306796, 0.0490874, -0.0736311 
0.0077063, -0.0187310, -0.2835747, -0.0306796, 0.0490874, -0.0736311 
0.0074473, -0.0210277, -0.2924885, -0.0306796, 0.0490874, -0.0736311 
0.0074473, -0.0210277, -0.2924885, -0.0306796, 0.0490874, -0.0736311 
-0.0007508, -0.0098711, -0.3096563, -0.0306796, 0.0490874, -0.0736311 
-0.0003312, -0.0135305, -0.3350068, -0.0306796, 0.0490874, -0.1043107 
0.0043007, -0.0216147, -0.3469842, -0.1227185, 0.0490874, -0.1411262 
0.0043007, -0.0216147, -0.3469842, -0.1227185, 0.0490874, -0.1411262 
-0.0036967, -0.0097729, -0.3556092, -0.0306796, 0.0429515, -0.1595340 
-0.0008442, -0.0160526, -0.3787112, -0.0245437, 0.0490874, -0.1656699 
-0.0008442, -0.0160526, -0.3787112, -0.0245437, 0.0490874, -0.1656699 
-0.0047844, -0.0110683, -0.4048868, -0.0306796, 0.0674952, -0.1718058 
-0.0047844, -0.0110683, -0.4048868, -0.0306796, 0.0674952, -0.1718058 
-0.0045401, -0.0128368, -0.4283959, -0.0245437, 0.0429515, -0.1902136 
-0.0045401, -0.0128368, -0.4283959, -0.0245437, 0.0613592, -0.2208932 
-0.0052961, -0.0143377, -0.4585741, -0.0245437, 0.0613592, -0.2208932 
-0.0052961, -0.0143377, -0.4585741, -0.0306796, 0.0490874, -0.2515728 
-0.0068392, -0.0149737, -0.4655573, -0.0306796, 0.0490874, -0.2515728 
-0.0071872, -0.0169109, -0.4803409, -0.0306796, 0.0490874, -0.2883884 
-0.0066563, -0.0179457, -0.4971146, -0.0306796, 0.0490874, -0.2883884 
-0.0058025, -0.0215671, -0.5108240, -0.0245437, 0.0490874, -0.3006602 
-0.0099135, -0.0190652, -0.5291607, -0.0245437, 0.0490874, -0.3006602 
-0.0115547, -0.0191131, -0.5445994, -0.0306796, 0.0490874, -0.3129321 
-0.0121476, -0.0194144, -0.5622149, -0.0306796, 0.0490874, -0.3374758 
-0.0178898, -0.0140691, -0.5877206, -0.0306796, 0.0490874, -0.3374758 
-0.0178898, -0.0140691, -0.5877206, -0.0306796, 0.0490874, -0.3620195 
-0.0059708, -0.0304358, -0.5889860, -0.0306796, 0.0490874, -0.3620195 
-0.0097582, -0.0269240, -0.6137043, -0.0245437, 0.0490874, -0.3865632 
-0.0097582, -0.0269240, -0.6137043, -0.0245437, 0.0490874, -0.3865632 
-0.0099471, -0.0219616, -0.6437922, -0.0306796, -0.1227185, -0.4295146 
-0.0027909, -0.0309150, -0.6534889, -0.0306796, 0.0429515, -0.4356506 
-0.0020048, -0.0278442, -0.6817941, -0.0306796, 0.0429515, -0.4356506 
-0.0020048, -0.0278442, -0.6817941, -0.0306796, 0.0306796, -0.4663302 
0.0029867, -0.0311451, -0.6953896, -0.0368155, 0.0306796, -0.4847379 
0.0029867, -0.0311451, -0.6953896, -0.0368155, 0.0306796, -0.4847379 
0.0053634, -0.0311101, -0.7053179, -0.0368155, 0.0306796, -0.4847379 
0.0105605, -0.0339597, -0.7235581, -0.0368155, 0.0306796, -0.5092816 
0.0105605, -0.0339597, -0.7235581, -0.0306796, 0.0306796, -0.5154175 
0.0132323, -0.0351645, -0.7303839, -0.0306796, 0.0306796, -0.5338253 
0.0132323, -0.0351645, -0.7303839, -0.0306796, 0.0306796, -0.5338253 
0.0187350, -0.0352851, -0.7464286, -0.0306796, 0.0306796, -0.5338253 
0.0187350, -0.0352851, -0.7464286, -0.0306796, 0.0306796, -0.5338253 
0.0228586, -0.0377064, -0.7553921, -0.0306796, 0.0306796, -0.5338253 
0.0228586, -0.0377064, -0.7553921, -0.0306796, 0.0122718, -0.5399612 
0.0235151, -0.0334186, -0.7650670, -0.0306796, 0.0122718, -0.5399612 
0.0235151, -0.0334186, -0.7650670, -0.0306796, 0.0122718, -0.5399612 
0.0261682, -0.0353074, -0.7689747, -0.0306796, 0.0306796, -0.5706409 
0.0320916, -0.0399347, -0.7726524, -0.0306796, 0.0306796, -0.5706409 
0.0320916, -0.0399347, -0.7726524, -0.0306796, 0.0306796, -0.5706409 
0.0350973, -0.0427084, -0.7734191, -0.0429515, 0.0306796, -0.5706409 
0.0333772, -0.0367887, -0.7835889, -0.0368155, 0.0306796, -0.5829127 
0.0389680, -0.0423091, -0.7850137, -0.0368155, 0.0306796, -0.5829127 
0.0389680, -0.0423091, -0.7850137, -0.0306796, 0.0306796, -0.5829127 
0.0404356, -0.0438049, -0.7875565, -0.0306796, 0.0306796, -0.5829127 
0.0402022, -0.0428697, -0.7891446, -0.0306796, 0.0306796, -0.5829127 
0.0384933, -0.0404034, -0.7922777, -0.0306796, 0.0306796, -0.5890486 
0.0417921, -0.0427488, -0.7965429, -0.0306796, 0.0306796, -0.5890486 
0.0390792, -0.0386330, -0.8007558, -0.0245437, 0.0306796, -0.5890486 
0.0390792, -0.0386330, -0.8007558, -0.0245437, 0.0306796, -0.5890486 
0.0436460, -0.0443701, -0.8017733, -0.0368155, 0.0122718, -0.5951846 
0.0436460, -0.0443701, -0.8017733, -0.0245437, 0.0306796, -0.6074564 
0.0452741, -0.0463261, -0.8017008, -0.0245437, 0.0306796, -0.6074564 
0.0432712, -0.0432739, -0.8047867, -0.0245437, 0.0184078, -0.6074564 
0.0441988, -0.0439043, -0.8050847, -0.0245437, 0.0184078, -0.6074564 
0.0457466, -0.0458672, -0.8049421, -0.0245437, 0.0306796, -0.6135923 
0.0462266, -0.0458340, -0.8050732, -0.0245437, 0.0122718, -0.6135923 
0.0464877, -0.0458202, -0.8049145, -0.0245437, 0.0122718, -0.6135923 
0.0504303, -0.0478738, -0.8051150, -0.0245437, 0.0122718, -0.6135923 
0.0504303, -0.0478738, -0.8051150, -0.0184078, 0.0245437, -0.6197283 
0.0492918, -0.0459892, -0.8054974, -0.0184078, 0.0184078, -0.6197283 
0.0492918, -0.0459892, -0.8054974, -0.0184078, 0.0184078, -0.6197283 
0.0494321, -0.0460603, -0.8043429, -0.0306796, 0.0122718, -0.6197283 
0.0471106, -0.0431425, -0.8045342, -0.0306796, 0.0122718, -0.6197283 
0.0470413, -0.0433230, -0.8031998, -0.0184078, 0.1411262, -0.6258641 
0.0470413, -0.0433230, -0.8031998, -0.0184078, 0.1411262, -0.6258641 
0.0470413, -0.0433230, -0.8031998, -0.0245437, 0.0245437, -0.6258641 
0.0463106, -0.0426364, -0.8024451, -0.0245437, 0.0245437, -0.6258641 
0.0456650, -0.0418993, -0.8026049, -0.0061359, 0.1595340, -0.6258641 
0.0465743, -0.0422421, -0.8018832, -0.0061359, 0.1595340, -0.6258641 
0.0465743, -0.0422421, -0.8018832, -0.0245437, 0.0245437, -0.6320001 
0.0468465, -0.0425137, -0.8013821, -0.0245437, 0.0245437, -0.6320001 
0.0479315, -0.0429490, -0.8001119, -0.0245437, 0.0306796, -0.6320001 
0.0479315, -0.0429490, -0.8001119, -0.0245437, 0.0306796, -0.6320001 
0.0407754, -0.0373040, -0.7992058, -0.0245437, 0.0306796, -0.6197283 
0.0404502, -0.0367668, -0.7992386, -0.0245437, 0.0245437, -0.6320001 
0.0414463, -0.0370774, -0.7984059, -0.0245437, 0.0245437, -0.6320001 
0.0414463, -0.0370774, -0.7984059, -0.0245437, 0.0245437, -0.6320001 
0.0413568, -0.0358578, -0.7981186, -0.0245437, 0.0245437, -0.6626797 
0.0413568, -0.0358578, -0.7981186, -0.0245437, 0.0245437, -0.6135923 
0.0436561, -0.0379277, -0.7962679, -0.0245437, 0.0306796, -0.6320001 
0.0436561, -0.0379277, -0.7962679, -0.0245437, 0.0306796, -0.6320001 
0.0433943, -0.0372055, -0.7956053, -0.0245437, 0.0306796, -0.6320001 
0.0429226, -0.0362215, -0.7951963, -0.0245437, 0.0306796, -0.6381360 
0.0432443, -0.0359702, -0.7936812, -0.0245437, 0.0306796, -0.6381360 
0.0432443, -0.0359702, -0.7936812, -0.0245437, 0.0306796, -0.6381360 
0.0437876, -0.0360085, -0.7925451, -0.0245437, 0.0184078, -0.6381360 
0.0437876, -0.0360085, -0.7925451, -0.0245437, 0.0184078, -0.6381360 
0.0453455, -0.0374947, -0.7913806, -0.0245437, 0.0306796, -0.6381360 
0.0451011, -0.0366207, -0.7910373, -0.0245437, 0.0306796, -0.6381360 
0.0458953, -0.0372371, -0.7899505, -0.0368155, 0.0245437, -0.6504079 
0.0452307, -0.0359888, -0.7903041, -0.0368155, 0.0245437, -0.6504079 
0.0452307, -0.0359888, -0.7903041, -0.0245437, 0.0184078, -0.6381360 
0.0451642, -0.0358786, -0.7883116, -0.0245437, 0.0184078, -0.6381360 
0.0451642, -0.0358786, -0.7883116, -0.0245437, 0.0245437, -0.6381360 
0.0433839, -0.0336326, -0.7874967, -0.0245437, 0.0245437, -0.6381360 
0.0454939, -0.0361490, -0.7857836, -0.0245437, 0.0245437, -0.6381360 
0.0454939, -0.0361490, -0.7857836, -0.0245437, 0.0245437, -0.6381360 
0.0448683, -0.0354534, -0.7852244, -0.0245437, 0.0306796, -0.6381360 
0.0494830, -0.0412888, -0.7810765, -0.0245437, 0.0306796, -0.6381360 
0.0494830, -0.0412888, -0.7810765, -0.0245437, 0.0306796, -0.6381360 
0.0509274, -0.0435064, -0.7785270, -0.0245437, 0.0306796, -0.6381360 
0.0505530, -0.0428148, -0.7782060, -0.0245437, 0.0306796, -0.6381360 
0.0511143, -0.0436376, -0.7757903, -0.0245437, 0.0306796, -0.6381360 
0.0490254, -0.0409290, -0.7727342, -0.0245437, 0.0306796, -0.6381360 
0.0490254, -0.0409290, -0.7727342, -0.0245437, 0.0245437, -0.6381360 
0.0496640, -0.0411445, -0.7687218, -0.0245437, 0.0245437, -0.6381360 
0.0500766, -0.0413217, -0.7673081, -0.0245437, 0.0245437, -0.6381360 
0.0452003, -0.0372728, -0.7596012, -0.0245437, 0.0306796, -0.6381360 
0.0452003, -0.0372728, -0.7596012, -0.0245437, 0.0306796, -0.6381360 
0.0452003, -0.0372728, -0.7596012, 0.0000000, 0.0490874, -0.6381360 
0.0462561, -0.0400131, -0.7479582, 0.0000000, 0.0490874, -0.6381360 
0.0462561, -0.0400131, -0.7479582, 0.0000000, 0.0490874, -0.6381360 
0.0412801, -0.0354596, -0.7358959, 0.0797670, 0.0306796, -0.6381360 
0.0400172, -0.0355576, -0.7272826, 0.1349903, 0.0306796, -0.6381360 
0.0345130, -0.0318287, -0.7104145, 0.1349903, 0.0306796, -0.6381360 
0.0345130, -0.0318287, -0.7104145, 0.1349903, 0.0306796, -0.6381360 
0.0321371, -0.0307786, -0.6984265, 0.1472622, 0.0306796, -0.6381360 
0.0333814, -0.0341963, -0.6890713, 0.1472622, 0.0306796, -0.6381360 
0.0250855, -0.0257585, -0.6849453, 0.1411262, 0.0306796, -0.6381360 
0.0262416, -0.0296064, -0.6701333, 0.1411262, 0.0306796, -0.6381360 
0.0181034, -0.0241209, -0.6454090, 0.1411262, 0.0306796, -0.6381360 
0.0181034, -0.0241209, -0.6454090, 0.1043107, 0.0306796, -0.6381360 
0.0181034, -0.0241209, -0.6454090, 0.1288544, 0.0306796, -0.6381360 
0.0195455, -0.0298319, -0.6144924, 0.1288544, 0.0490874, -0.6381360 
0.0195455, -0.0298319, -0.6144924, 0.1288544, 0.0490874, -0.6381360 
0.0142001, -0.0255688, -0.5931016, 0.1165825, 0.0429515, -0.6381360 
0.0097291, -0.0212274, -0.5630063, 0.1165825, 0.0429515, -0.6381360 
0.0097291, -0.0212274, -0.5630063, 0.1165825, 0.0429515, -0.6381360 
0.0096433, -0.0211850, -0.5455301, 0.1227185, 0.0429515, -0.6381360 
0.0094966, -0.0211771, -0.5240960, 0.1227185, 0.0490874, -0.6381360 
0.0083522, -0.0196567, -0.5027109, 0.1227185, -0.0061359, -0.6381360 
0.0140679, -0.0252297, -0.4802157, 0.1227185, -0.0061359, -0.6381360 
0.0138621, -0.0254187, -0.4463851, 0.1165825, 0.0490874, -0.6381360 
0.0142453, -0.0236753, -0.4236229, 0.1165825, 0.0490874, -0.6381360 
0.0142453, -0.0236753, -0.4236229, 0.1104466, 0.0490874, -0.6320001 
0.0142178, -0.0230894, -0.4005100, 0.1104466, 0.0490874, -0.6320001 
0.0136626, -0.0241005, -0.3743660, 0.1104466, 0.0490874, -0.5890486 
0.0101642, -0.0194844, -0.3535656, 0.1043107, 0.0306796, -0.5338253 
0.0101642, -0.0194844, -0.3535656, 0.1043107, 0.0306796, -0.5338253 
0.0150998, -0.0281287, -0.3069354, 0.1043107, 0.0306796, -0.5338253 
0.0150998, -0.0281287, -0.3069354, 0.1104466, 0.0552233, -0.4479224 
0.0140589, -0.0313128, -0.2740431, 0.1104466, 0.0552233, -0.4479224 
0.0140589, -0.0313128, -0.2740431, 0.1043107, 0.0368155, -0.3865632 
0.0049247, -0.0257747, -0.2381745, 0.1104466, 0.0306796, -0.3497476 
0.0059881, -0.0299076, -0.2188710, 0.1104466, 0.0306796, -0.3497476 
0.0028122, -0.0283336, -0.2014184, 0.1104466, 0.0429515, -0.3190680 
-0.0000178, -0.0249627, -0.1856791, 0.1104466, 0.0429515, -0.3190680 
-0.0009875, -0.0265385, -0.1685595, 0.1104466, 0.0306796, -0.3190680 
-0.0010654, -0.0277382, -0.1572552, 0.1104466, 0.0306796, -0.3190680 
-0.0009976, -0.0288027, -0.1398406, 0.1104466, 0.0368155, -0.3190680 
-0.0019655, -0.0300466, -0.1234194, 0.1104466, 0.0368155, -0.3190680 
-0.0030176, -0.0293378, -0.1056516, 0.1104466, 0.0368155, -0.3190680 
-0.0047534, -0.0279196, -0.0876236, 0.1104466, 0.0306796, -0.3006602 
-0.0047534, -0.0279196, -0.0876236, 0.1104466, 0.0306796, -0.3006602 
-0.0052182, -0.0295376, -0.0516340, 0.1104466, 0.0306796, -0.2699806 
-0.0052182, -0.0295376, -0.0516340, 0.1104466, 0.0306796, -0.1902136 
-0.0056318, -0.0294343, -0.0142130, 0.1104466, 0.0306796, -0.1902136 
-0.0056318, -0.0294343, -0.0142130, 0.1104466, 0.0306796, -0.1902136 
-0.0054252, -0.0302604, 0.0362410, 0.1104466, 0.0306796, -0.1902136 
-0.0054252, -0.0302604, 0.0362410, 0.1104466, 0.0306796, -0.1595340 
-0.0013030, -0.0370899, 0.0552852, 0.1104466, 0.0306796, -0.1595340 
-0.0027523, -0.0337699, 0.0754108, 0.1104466, 0.0306796, -0.1595340 
-0.0008620, -0.0330470, 0.1166583, 0.1043107, 0.0306796, -0.1349903 
-0.0008620, -0.0330470, 0.1166583, 0.1104466, 0.0368155, -0.1104466 
-0.0018451, -0.0314885, 0.1264255, 0.1104466, 0.0368155, -0.1104466 
-0.0021668, -0.0282631, 0.1485246, 0.1104466, 0.0306796, -0.0674952 
-0.0038688, -0.0301511, 0.1724393, 0.1043107, 0.0306796, -0.0245437 
-0.0039718, -0.0384720, 0.1943777, 0.1043107, 0.0306796, -0.0245437 
-0.0039718, -0.0384720, 0.1943777, 0.1104466, 0.0306796, 0.0000000 
-0.0113863, -0.0302564, 0.2580246, 0.1043107, 0.0245437, 0.0368155 
-0.0113863, -0.0302564, 0.2580246, 0.1043107, 0.0245437, 0.0368155 
-0.0113863, -0.0302564, 0.2580246, 0.0736311, 0.0306796, 0.0552233 
-0.0127239, -0.0312515, 0.2936498, 0.0736311, 0.0306796, 0.0552233 
-0.0127239, -0.0312515, 0.2936498, 0.0859029, 0.0306796, 0.0981748 
-0.0162924, -0.0338246, 0.3365374, 0.0859029, 0.0306796, 0.0981748 
-0.0244661, -0.0328241, 0.3647094, 0.0736311, 0.0306796, 0.1472622 
-0.0256218, -0.0264881, 0.3897688, 0.0859029, 0.0306796, 0.2086214 
-0.0333242, -0.0192522, 0.4411889, 0.0859029, 0.0306796, 0.2086214 
-0.0333242, -0.0192522, 0.4411889, 0.0859029, 0.0306796, 0.2086214 
-0.0341253, -0.0244217, 0.4542787, 0.0859029, 0.0306796, 0.2577088 
-0.0360897, -0.0256686, 0.4790885, 0.0859029, 0.0613592, 0.2883884 
-0.0396429, -0.0250972, 0.5045987, 0.0859029, 0.0613592, 0.2883884 
-0.0387946, -0.0278239, 0.5264196, 0.0920388, 0.0490874, 0.3006602 
-0.0405825, -0.0228448, 0.5407525, 0.0920388, 0.0490874, 0.3006602 
-0.0407134, -0.0249848, 0.5517092, 0.0859029, 0.0306796, 0.3313398 
-0.0459744, -0.0332750, 0.5974485, 0.0859029, 0.0306796, 0.3313398 
-0.0459744, -0.0332750, 0.5974485, 0.0859029, 0.0306796, 0.3313398 
-0.0484486, -0.0331041, 0.6427873, 0.0859029, 0.0552233, 0.3742913 
-0.0531118, -0.0388834, 0.6762546, 0.0859029, 0.0368155, 0.4295146 
-0.0529561, -0.0436478, 0.6914039, 0.0859029, 0.0306796, 0.4663302 
-0.0529561, -0.0436478, 0.6914039, 0.0859029, 0.0306796, 0.4663302 
-0.0669393, -0.0528385, 0.7332649, 0.0859029, 0.0306796, 0.4847379 
-0.0669393, -0.0528385, 0.7332649, 0.0859029, 0.0306796, 0.4847379 
-0.0686633, -0.0594072, 0.7470825, 0.0368155, 0.0245437, 0.5215535 
-0.0791027, -0.0672468, 0.7769958, 0.0368155, 0.0245437, 0.5215535 
-0.0839182, -0.0724311, 0.7929472, 0.0859029, 0.0184078, 0.5645049 
-0.0839182, -0.0724311, 0.7929472, 0.0859029, 0.0184078, 0.5645049 
-0.0871250, -0.0809251, 0.8047220, 0.0859029, 0.0061359, 0.5951846 
-0.0933959, -0.0900587, 0.8202537, 0.0797670, 0.0061359, 0.6135923 
-0.0933959, -0.0900587, 0.8202537, 0.0797670, 0.0061359, 0.6135923 
-0.0956248, -0.0963671, 0.8335668, 0.0797670, -0.0245437, 0.6320001 
-0.1017617, -0.0999660, 0.8449531, 0.0797670, -0.0245437, 0.6320001 
-0.1059926, -0.1050537, 0.8661222, 0.0797670, -0.0490874, 0.6442719 
-0.1119975, -0.1105842, 0.8866613, 0.0797670, -0.0490874, 0.6442719 
-0.1145752, -0.1131072, 0.8927212, 0.0797670, -0.0368155, 0.6626797 
-0.1300249, -0.1285260, 0.9201946, 0.0736311, -0.0245437, 0.6933593 
-0.1300249, -0.1285260, 0.9201946, 0.0736311, -0.0245437, 0.6933593 
-0.1424130, -0.1432668, 0.9368153, 0.0552233, -0.0429515, 0.6626797 
-0.1424130, -0.1432668, 0.9368153, 0.0552233, -0.0429515, 0.6626797 
-0.1476730, -0.1402782, 0.9483321, 0.0245437, -0.0674952, 0.7547185 
-0.1563537, -0.1551512, 0.9569011, 0.0184078, -0.0736311, 0.7424467 
-0.1563537, -0.1551512, 0.9569011, 0.0184078, -0.0736311, 0.7424467 
-0.1555198, -0.1543743, 0.9620345, 0.0184078, -0.0736311, 0.7424467 
-0.1645395, -0.1571632, 0.9715109, 0.0184078, -0.0859029, 0.7363108 
-0.1707938, -0.1640761, 0.9778028, 0.0122718, -0.0859029, 0.7424467 
-0.1707938, -0.1640761, 0.9778028, 0.0122718, -0.0859029, 0.7424467 
-0.1790481, -0.1700316, 0.9925368, -0.0490874, -0.0859029, 0.7363108 
-0.1790481, -0.1700316, 0.9925368, 0.0061359, -0.0920388, 0.7424467 
-0.1893758, -0.1734454, 1.0113190, 0.0061359, -0.0920388, 0.7424467 
-0.1893758, -0.1734454, 1.0113190, 0.0061359, -0.0920388, 0.7424467 
-0.1898996, -0.1751824, 1.0180068, 0.0061359, -0.0920388, 0.7424467 
-0.1976904, -0.1779225, 1.0300568, 0.0000000, -0.1104466, 0.7363108 
-0.1989861, -0.1805574, 1.0309604, 0.0000000, -0.1104466, 0.7363108 
-0.2061093, -0.1860953, 1.0372406, -0.0184078, -0.2393010, 0.7424467 
-0.2057928, -0.1833958, 1.0445042, -0.0245437, -0.0920388, 0.7424467 
-0.2123277, -0.1902958, 1.0494696, -0.0245437, -0.0920388, 0.7424467 
-0.2118381, -0.1880061, 1.0516195, -0.0245437, -0.1227185, 0.7424467 
-0.2118381, -0.1880061, 1.0516195, -0.0429515, -0.1227185, 0.7547185 
-0.2160165, -0.1900049, 1.0553304, -0.0429515, -0.1227185, 0.7547185 
-0.2170479, -0.1883055, 1.0601544, -0.0429515, -0.1227185, 0.7547185 
-0.2170479, -0.1883055, 1.0601544, -0.0306796, -0.1227185, 0.7547185 
-0.2168975, -0.1887923, 1.0596091, -0.0306796, -0.1227185, 0.7547185 
-0.2168975, -0.1887923, 1.0596091, -0.0306796, -0.1227185, 0.7547185 
-0.2103286, -0.1829562, 1.0553890, -0.0306796, -0.1227185, 0.7547185 
-0.2103286, -0.1829562, 1.0553890, -0.0368155, -0.0859029, 0.7608545 
-0.2136680, -0.1852251, 1.0579110, -0.0368155, -0.1104466, 0.7608545 
-0.2136680, -0.1852251, 1.0579110, -0.0368155, -0.1104466, 0.7608545 
-0.2146606, -0.1852849, 1.0597254, -0.0368155, -0.1165825, 0.7608545 
-0.2159379, -0.1852609, 1.0621325, -0.0368155, -0.1165825, 0.7608545 
-0.2159379, -0.1852609, 1.0621325, -0.0368155, -0.1165825, 0.7608545 
-0.2177436, -0.1852090, 1.0666001, -0.0368155, -0.1165825, 0.7608545 
-0.2152955, -0.1825585, 1.0668648, -0.0368155, -0.1165825, 0.7608545 
-0.2168719, -0.1832699, 1.0688576, -0.0368155, -0.1104466, 0.7608545 
-0.2116083, -0.1775678, 1.0669948, -0.0368155, -0.1104466, 0.7608545 
-0.2116083, -0.1775678, 1.0669948, -0.0368155, -0.1104466, 0.7608545 
-0.2129402, -0.1789613, 1.0670213, -0.0368155, -0.1104466, 0.7608545 
-0.2111568, -0.1784539, 1.0653753, -0.0368155, -0.1104466, 0.7608545 
-0.2127098, -0.1804053, 1.0644685, -0.0368155, -0.1104466, 0.7608545 
-0.2127098, -0.1804053, 1.0644685, -0.0368155, -0.1104466, 0.7608545 
-0.2147956, -0.1819844, 1.0653540, -0.0429515, -0.1043107, 0.7608545 
-0.2147956, -0.1819844, 1.0653540, -0.0429515, -0.1104466, 0.7608545 
-0.2141073, -0.1816232, 1.0649303, -0.0429515, -0.1104466, 0.7853982 
-0.2125117, -0.1780233, 1.0659729, -0.0429515, -0.1104466, 0.7853982 
-0.2125117, -0.1780233, 1.0659729, -0.0429515, -0.1104466, 0.7853982 
-0.2116372, -0.1772855, 1.0651824, -0.0429515, -0.1104466, 0.7608545 
-0.2097037, -0.1758265, 1.0629659, -0.0429515, -0.1104466, 0.7608545 
-0.2095853, -0.1740876, 1.0646211, -0.0429515, -0.1104466, 0.7608545 
-0.2111582, -0.1741655, 1.0664693, -0.0306796, -0.1104466, 0.7608545 
-0.2090346, -0.1725304, 1.0655203, -0.0306796, -0.1104466, 0.7608545 
-0.2046442, -0.1683196, 1.0628805, -0.0490874, -0.1104466, 0.7608545 
-0.2046442, -0.1683196, 1.0628805, -0.0490874, -0.1104466, 0.7608545 
-0.1983847, -0.1627356, 1.0564997, -0.0490874, -0.1104466, 0.7608545 
-0.1983847, -0.1627356, 1.0564997, -0.0490874, -0.1104466, 0.7608545 
-0.1983847, -0.1627356, 1.0564997, -0.0490874, -0.1104466, 0.7608545 
-0.1944804, -0.1599657, 1.0516049, -0.0490874, -0.1043107, 0.7608545 
-0.1948990, -0.1593348, 1.0523667, -0.0490874, -0.1043107, 0.7608545 
-0.1948990, -0.1593348, 1.0523667, -0.0490874, -0.1043107, 0.7608545 
-0.1953367, -0.1588752, 1.0496831, -0.0490874, -0.0920388, 0.7669904 
-0.1953367, -0.1588752, 1.0496831, -0.0490874, -0.0920388, 0.7669904 
-0.1906290, -0.1547105, 1.0455971, -0.0613592, -0.0920388, 0.7669904 
-0.1920252, -0.1560069, 1.0426360, -0.0490874, -0.0920388, 0.7608545 
-0.1920252, -0.1560069, 1.0426360, -0.0490874, -0.0920388, 0.7608545 
-0.1955596, -0.1602943, 1.0415953, -0.0490874, -0.0920388, 0.7608545 
-0.1941761, -0.1595752, 1.0387390, -0.0490874, -0.0920388, 0.7608545 
-0.1911282, -0.1578520, 1.0325751, -0.0490874, -0.0920388, 0.7608545 
-0.1889322, -0.1555917, 1.0283133, -0.0490874, -0.0920388, 0.7608545 
-0.1889322, -0.1555917, 1.0283133, -0.0490874, -0.0920388, 0.7608545 
-0.1867577, -0.1538245, 1.0255842, -0.0490874, -0.0920388, 0.7608545 
-0.1899235, -0.1546716, 1.0244204, -0.0490874, -0.0920388, 0.7608545 
-0.1899235, -0.1546716, 1.0244204, -0.0429515, -0.0920388, 0.7608545 
-0.1830816, -0.1505414, 1.0107124, -0.0429515, -0.0920388, 0.7608545 
-0.1830816, -0.1505414, 1.0107124, -0.0490874, -0.0920388, 0.7608545 
-0.1807851, -0.1475997, 0.9991452, -0.0490874, -0.0920388, 0.7608545 
-0.1807851, -0.1475997, 0.9991452, -0.0490874, -0.0920388, 0.7608545 
-0.1801962, -0.1498243, 0.9855250, -0.0490874, -0.0920388, 0.7608545 
-0.1801962, -0.1498243, 0.9855250, -0.0490874, -0.0920388, 0.7608545 
-0.1814805, -0.1513320, 0.9809715, -0.0552233, -0.0797670, 0.7669904 
-0.1743081, -0.1425389, 0.9739408, -0.0552233, -0.0797670, 0.7669904 
-0.1774893, -0.1449455, 0.9703327, -0.0552233, -0.0736311, 0.7424467 
-0.1747333, -0.1434688, 0.9633460, -0.0552233, -0.0736311, 0.7424467 
-0.1662516, -0.1319709, 0.9472215, -0.0552233, -0.0736311, 0.7424467 
-0.1662516, -0.1319709, 0.9472215, -0.0552233, -0.0797670, 0.7608545 
-0.1672654, -0.1322123, 0.9442597, -0.0552233, -0.0797670, 0.7608545 
-0.1643504, -0.1298355, 0.9289509, -0.0552233, -0.0797670, 0.7669904 
-0.1643504, -0.1298355, 0.9289509, -0.0552233, -0.0797670, 0.7669904 
-0.1696980, -0.1310001, 0.9131035, -0.0552233, -0.0736311, 0.7669904 
-0.1666963, -0.1322978, 0.8895586, -0.0613592, -0.0736311, 0.7669904 
-0.1694648, -0.1298918, 0.8840885, -0.0613592, -0.0736311, 0.7669904 
-0.1669957, -0.1272202, 0.8697934, -0.0613592, -0.0736311, 0.7669904 
-0.1669957, -0.1272202, 0.8697934, -0.0552233, -0.0736311, 0.7669904 
-0.1648710, -0.1235271, 0.8414319, -0.0674952, -0.0674952, 0.7669904 
-0.1620874, -0.1263526, 0.8222345, -0.0552233, -0.0490874, 0.7669904 
-0.1620874, -0.1263526, 0.8222345, -0.0552233, -0.0490874, 0.7669904 
-0.1548908, -0.1169138, 0.8064796, -0.0552233, -0.0490874, 0.7669904 
-0.1618149, -0.1193810, 0.8031585, -0.0552233, -0.0490874, 0.7669904 
-0.1509341, -0.1129584, 0.7635903, -0.0552233, -0.0552233, 0.7669904 
-0.1509341, -0.1129584, 0.7635903, -0.0552233, -0.0552233, 0.7669904 
-0.1486825, -0.1118525, 0.7525541, -0.0552233, -0.0552233, 0.7669904 
-0.1478596, -0.1072335, 0.7468172, -0.0552233, -0.0552233, 0.7669904 
-0.1439385, -0.1036496, 0.7099077, -0.0552233, -0.0490874, 0.7669904 
-0.1418115, -0.0943073, 0.6743942, -0.0490874, -0.0368155, 0.7669904 
-0.1408183, -0.0876608, 0.6570299, -0.0490874, -0.0368155, 0.7669904 
-0.1363006, -0.0799638, 0.6468878, -0.0552233, -0.0245437, 0.7669904 
-0.1363006, -0.0799638, 0.6468878, -0.0552233, -0.0245437, 0.7669904 
-0.1447019, -0.0801083, 0.6325821, -0.0552233, -0.0245437, 0.7669904 
-0.1400374, -0.0755116, 0.6082507, -0.0552233, -0.0245437, 0.7608545 
-0.1405690, -0.0697209, 0.5693437, -0.0552233, -0.0245437, 0.7608545 
-0.1348619, -0.0615975, 0.5443686, -0.0613592, -0.0245437, 0.7608545 
-0.1412534, -0.0608291, 0.5289871, -0.0613592, -0.0245437, 0.7608545 
-0.1412534, -0.0608291, 0.5289871, -0.0613592, -0.0245437, 0.7608545 
-0.1327292, -0.0508292, 0.4910285, -0.0552233, 0.0061359, 0.7424467 
-0.1327292, -0.0508292, 0.4910285, -0.0613592, 0.0061359, 0.6933593 
-0.1392720, -0.0558170, 0.4724688, -0.0613592, 0.0122718, 0.6320001 
-0.1359305, -0.0555829, 0.4291084, -0.0613592, 0.0122718, 0.6320001 
-0.1359305, -0.0555829, 0.4291084, -0.0613592, 0.0122718, 0.6320001 
-0.1359305, -0.0555829, 0.4291084, -0.0613592, 0.0122718, 0.5645049 
-0.1306571, -0.0456348, 0.3830615, -0.0613592, 0.0122718, 0.5645049 
-0.1266067, -0.0511517, 0.3471190, -0.0613592, 0.0184078, 0.4724661 
-0.1266067, -0.0511517, 0.3471190, -0.0613592, 0.0184078, 0.4724661 
-0.1221703, -0.0514687, 0.3240191, -0.0613592, 0.0184078, 0.4724661 
-0.1252285, -0.0472869, 0.3051234, -0.0552233, 0.0061359, 0.4540583 
-0.1171145, -0.0443912, 0.2814617, -0.0552233, 0.0061359, 0.4540583 
-0.1194694, -0.0440113, 0.2614569, -0.0613592, 0.0122718, 0.4540583 
-0.1130173, -0.0473073, 0.2387101, -0.0613592, 0.0122718, 0.4540583 
-0.1083236, -0.0491516, 0.2168897, -0.0613592, 0.0061359, 0.4479224 
-0.1108098, -0.0400662, 0.1992123, -0.0552233, 0.0122718, 0.4049709 
-0.1057503, -0.0453913, 0.1863455, -0.0552233, 0.0122718, 0.4049709 
-0.1047071, -0.0477693, 0.1659355, -0.0613592, 0.0122718, 0.3681554 
-0.1054955, -0.0369939, 0.1577282, -0.0613592, 0.0122718, 0.3681554 
-0.1054225, -0.0460494, 0.1499802, -0.0613592, 0.0122718, 0.3252039 
-0.0996909, -0.0446865, 0.1112961, -0.0613592, 0.0245437, 0.3067962 
-0.0946762, -0.0418667, 0.0721018, -0.0613592, 0.0245437, 0.3067962 
-0.0956876, -0.0418610, 0.0537527, -0.0122718, 0.0184078, 0.2761165 
-0.0956876, -0.0418610, 0.0537527, -0.0122718, 0.0184078, 0.2761165 
-0.0954392, -0.0382920, 0.0440953, -0.0859029, 0.0368155, 0.2515728 
-0.0973097, -0.0368757, 0.0260644, -0.0859029, 0.0368155, 0.2515728 
-0.0938306, -0.0378808, -0.0116194, -0.0859029, 0.0306796, 0.2086214 
-0.0938306, -0.0378808, -0.0116194, -0.0859029, 0.0306796, 0.2086214 
-0.0894642, -0.0466424, -0.0447771, -0.0797670, 0.0306796, 0.1779418 
-0.0894642, -0.0466424, -0.0447771, -0.0797670, 0.0306796, 0.1779418 
-0.0939578, -0.0362725, -0.0615430, -0.0859029, 0.0306796, 0.1472622 
-0.0862195, -0.0463289, -0.0792991, -0.0859029, 0.0245437, 0.1288544 
-0.0851171, -0.0476088, -0.0896884, -0.0859029, 0.0245437, 0.1288544 
-0.0875996, -0.0414742, -0.1064755, -0.0859029, 0.0245437, 0.0981748 
-0.0847214, -0.0485479, -0.1150389, -0.0859029, 0.0245437, 0.0981748 
-0.0834733, -0.0482662, -0.1413503, -0.0859029, 0.0245437, 0.0736311 
-0.0834733, -0.0482662, -0.1413503, -0.0859029, 0.0184078, 0.0552233 
-0.0843278, -0.0494183, -0.1754070, -0.0859029, 0.0184078, 0.0552233 
-0.0843278, -0.0494183, -0.1754070, -0.0859029, 0.0122718, 0.0306796 
-0.0875015, -0.0504485, -0.1983411, -0.0859029, 0.0184078, 0.0000000 
-0.0892232, -0.0494162, -0.2136935, -0.0859029, 0.0184078, 0.0000000 
-0.0871631, -0.0523458, -0.2283955, -0.0859029, 0.0061359, -0.0306796 
-0.0904277, -0.0473886, -0.2453466, -0.0859029, 0.0061359, -0.0306796 
-0.0895550, -0.0441526, -0.2750177, -0.0859029, 0.0184078, -0.0613592 
-0.0916988, -0.0399760, -0.2924920, -0.0859029, 0.0184078, -0.0613592 
-0.0863654, -0.0468728, -0.3053176, -0.0859029, 0.0122718, -0.0859029 
-0.0845379, -0.0491088, -0.3119187, -0.0920388, 0.0245437, -0.1104466 
-0.0845379, -0.0491088, -0.3119187, -0.0920388, 0.0245437, -0.1104466 
-0.0865841, -0.0440711, -0.3271048, -0.0859029, 0.0245437, -0.1349903 
-0.0839133, -0.0419107, -0.3583698, -0.0859029, 0.0245437, -0.1349903 
-0.0839133, -0.0419107, -0.3583698, -0.0859029, 0.0245437, -0.1349903 
-0.0839133, -0.0419107, -0.3583698, -0.0859029, 0.0184078, -0.1533981 
-0.0774431, -0.0427247, -0.3890715, -0.0859029, 0.0184078, -0.1533981 
-0.0774431, -0.0427247, -0.3890715, -0.0859029, 0.0184078, -0.1533981 
-0.0762778, -0.0375475, -0.4184072, -0.0859029, 0.0306796, -0.1840777 
-0.0662151, -0.0513104, -0.4208302, -0.0859029, 0.0245437, -0.1902136 
-0.0656065, -0.0492719, -0.4360614, -0.0859029, 0.0245437, -0.2270292 
-0.0632188, -0.0502842, -0.4503062, -0.0859029, 0.0245437, -0.2270292 
-0.0665288, -0.0452104, -0.4658337, -0.0859029, 0.0122718, -0.2515728 
-0.0700912, -0.0378037, -0.4819310, -0.0859029, 0.0122718, -0.2515728 
-0.0682441, -0.0394108, -0.5091431, -0.0859029, 0.0368155, -0.2883884 
-0.0682441, -0.0394108, -0.5091431, -0.0859029, 0.0368155, -0.2883884 
-0.0659293, -0.0422420, -0.5237848, -0.0920388, 0.0245437, -0.3067962 
-0.0655669, -0.0441006, -0.5293155, -0.0859029, 0.0736311, -0.3190680 
-0.0635453, -0.0460028, -0.5491147, -0.0859029, 0.0736311, -0.3190680 
-0.0635453, -0.0460028, -0.5491147, -0.0920388, 0.0245437, -0.3436117 
-0.0622390, -0.0493319, -0.5633491, -0.0859029, 0.0184078, -0.3497476 
-0.0630286, -0.0480890, -0.5845806, -0.0859029, 0.0184078, -0.3497476 
-0.0630286, -0.0480890, -0.5845806, -0.0859029, 0.0184078, -0.3497476 
-0.0630286, -0.0480890, -0.5845806, -0.0859029, 0.0184078, -0.3804272 
-0.0617740, -0.0488281, -0.6014082, -0.0859029, 0.0184078, -0.3804272 
-0.0633065, -0.0452765, -0.6067536, -0.0859029, 0.0122718, -0.3804272 
-0.0676462, -0.0415739, -0.6188034, -0.0859029, 0.0122718, -0.4049709 
-0.0676462, -0.0415739, -0.6188034, -0.0859029, 0.0122718, -0.4049709 
-0.0679272, -0.0407814, -0.6251594, -0.0859029, 0.0245437, -0.4295146 
-0.0705455, -0.0388736, -0.6325483, -0.0859029, 0.0245437, -0.4295146 
-0.0708584, -0.0397132, -0.6363720, -0.0859029, -0.1472622, -0.4356506 
-0.0675944, -0.0440441, -0.6376223, -0.0859029, -0.1472622, -0.4356506 
-0.0710815, -0.0404045, -0.6431713, -0.0859029, 0.0306796, -0.4356506 
-0.0748393, -0.0365020, -0.6476958, -0.0859029, 0.0245437, -0.4479224 
-0.0751530, -0.0381195, -0.6512765, -0.0859029, 0.0245437, -0.4663302 
-0.0751530, -0.0381195, -0.6512765, -0.0859029, 0.0245437, -0.4663302 
-0.0751530, -0.0381195, -0.6512765, -0.0859029, 0.0245437, -0.4663302 
-0.0790977, -0.0320201, -0.6626572, -0.0859029, 0.0306796, -0.4663302 
-0.0790977, -0.0320201, -0.6626572, -0.0859029, 0.0306796, -0.4663302 
-0.0758581, -0.0337696, -0.6701963, -0.0859029, 0.0306796, -0.4663302 
-0.0720062, -0.0385985, -0.6691934, -0.0859029, 0.0306796, -0.4663302 
-0.0716863, -0.0377741, -0.6741045, -0.0859029, 0.0306796, -0.4663302 
-0.0688063, -0.0401123, -0.6766806, -0.0920388, 0.0306796, -0.4786020 
-0.0701261, -0.0359969, -0.6834503, -0.0920388, 0.0306796, -0.4786020 
-0.0655767, -0.0411783, -0.6839849, -0.0859029, 0.0245437, -0.4847379 
-0.0641739, -0.0399528, -0.6893117, -0.0859029, 0.0245437, -0.4847379 
-0.0663572, -0.0346476, -0.6963808, -0.0859029, 0.0245437, -0.4847379 
-0.0665728, -0.0325032, -0.6977177, -0.0920388, 0.0245437, -0.4970098 
-0.0681691, -0.0296868, -0.7007661, -0.0920388, 0.0245437, -0.4970098 
-0.0640690, -0.0347149, -0.7000696, -0.0920388, 0.0245437, -0.4970098 
-0.0659493, -0.0272351, -0.7043104, -0.0859029, 0.0306796, -0.5092816 
-0.0659493, -0.0272351, -0.7043104, -0.0859029, 0.0490874, -0.5092816 
-0.0659103, -0.0246144, -0.7061577, -0.0859029, 0.0490874, -0.5092816 
-0.0665085, -0.0229524, -0.7063372, -0.0920388, 0.0306796, -0.5092816 
-0.0665085, -0.0229524, -0.7063372, -0.0920388, 0.0306796, -0.5092816 
-0.0674356, -0.0212143, -0.7076839, -0.0859029, 0.0429515, -0.5092816 
-0.0670718, -0.0216993, -0.7076553, -0.0859029, 0.0552233, -0.5092816 
-0.0657456, -0.0224309, -0.7082862, -0.0859029, 0.0552233, -0.5092816 
-0.0657456, -0.0224309, -0.7082862, -0.0859029, 0.0552233, -0.5154175 
-0.0663884, -0.0212100, -0.7095559, -0.0859029, 0.0552233, -0.5154175 
-0.0616857, -0.0273371, -0.7110425, -0.0859029, 0.0490874, -0.5276894 
-0.0616857, -0.0273371, -0.7110425, -0.0859029, 0.0490874, -0.5276894 
-0.0621271, -0.0271532, -0.7136122, -0.0859029, 0.0306796, -0.5338253 
-0.0599996, -0.0295435, -0.7133127, -0.0859029, 0.0306796, -0.5338253 
-0.0600468, -0.0292945, -0.7142340, -0.0920388, 0.0368155, -0.5338253 
-0.0609850, -0.0281858, -0.7155637, -0.0736311, 0.0306796, -0.5338253 
-0.0618861, -0.0262365, -0.7172606, -0.0859029, 0.0306796, -0.5338253 
-0.0618861, -0.0262365, -0.7172606, -0.0859029, 0.0306796, -0.5338253 
-0.0626094, -0.0251855, -0.7190883, -0.0859029, 0.0306796, -0.5338253 
-0.0626094, -0.0251855, -0.7190883, -0.0859029, 0.0306796, -0.5338253 
-0.0641173, -0.0227059, -0.7189649, -0.0859029, 0.0429515, -0.5399612 
-0.0642029, -0.0226866, -0.7182359, -0.0859029, 0.0429515, -0.5399612 
-0.0642029, -0.0226866, -0.7182359, -0.0859029, 0.0490874, -0.5338253 
-0.0650357, -0.0202904, -0.7196371, -0.0859029, 0.0490874, -0.5338253 
-0.0650357, -0.0202904, -0.7196371, -0.0859029, 0.0490874, -0.5154175 
-0.0616414, -0.0239404, -0.7185720, -0.0859029, 0.0490874, -0.5460972 
-0.0627940, -0.0213590, -0.7193258, -0.0859029, 0.0490874, -0.5460972 
-0.0649556, -0.0177623, -0.7209086, -0.0859029, 0.0552233, -0.5399612 
-0.0661610, -0.0151595, -0.7226703, -0.0859029, 0.0490874, -0.5522331 
-0.0661610, -0.0151595, -0.7226703, -0.0859029, 0.0490874, -0.5522331 
-0.0661610, -0.0151595, -0.7226703, -0.0859029, 0.0490874, -0.5522331 
-0.0613558, -0.0187031, -0.7198989, -0.0859029, 0.0490874, -0.5399612 
-0.0620215, -0.0169898, -0.7203518, -0.0859029, 0.0490874, -0.5399612 
-0.0633379, -0.0146189, -0.7206560, -0.0859029, 0.0490874, -0.5399612 
-0.0633379, -0.0146189, -0.7206560, -0.0920388, 0.0490874, -0.5399612 
-0.0637291, -0.0131802, -0.7212319, -0.0920388, 0.0490874, -0.5399612 
-0.0624489, -0.0141953, -0.7203823, -0.0920388, 0.0490874, -0.5338253 
-0.0623907, -0.0139824, -0.7204100, -0.0920388, 0.0490874, -0.5338253 
-0.0655697, -0.0088051, -0.7212717, -0.0920388, 0.0490874, -0.5338253 
-0.0649170, -0.0086712, -0.7210588, -0.0859029, 0.0490874, -0.5399612 
-0.0644518, -0.0084317, -0.7204560, -0.0920388, 0.0552233, -0.5338253 
-0.0644518, -0.0084317, -0.7204560, -0.0920388, 0.0552233, -0.5338253 
-0.0619757, -0.0111073, -0.7181575, -0.0859029, 0.0613592, -0.5460972 
-0.0620291, -0.0106380, -0.7174730, -0.0920388, 0.0613592, -0.5460972 
-0.0622222, -0.0095628, -0.7164583, -0.0920388, 0.0613592, -0.5460972 
-0.0629854, -0.0084883, -0.7169160, -0.0859029, 0.0490874, -0.5460972 
-0.0604472, -0.0112406, -0.7154245, -0.0859029, 0.0490874, -0.5460972 
-0.0631787, -0.0079487, -0.7154323, -0.0920388, 0.0552233, -0.5460972 
-0.0631787, -0.0079487, -0.7154323, -0.0859029, 0.0613592, -0.5460972 
-0.0613471, -0.0100146, -0.7104231, -0.0859029, 0.0613592, -0.5460972 
-0.0623205, -0.0093497, -0.7064102, -0.0920388, 0.0613592, -0.5460972 
-0.0623205, -0.0093497, -0.7064102, -0.0920388, 0.0613592, -0.5460972 
-0.0632343, -0.0071586, -0.7034572, -0.0859029, 0.0490874, -0.5460972 
-0.0632641, -0.0052922, -0.6994771, -0.0859029, 0.0490874, -0.5460972 
-0.0632641, -0.0052922, -0.6994771, -0.0859029, 0.0490874, -0.5460972 
-0.0623324, -0.0046400, -0.6931964, -0.0920388, 0.0613592, -0.5460972 
-0.0598314, -0.0054795, -0.6893004, -0.0920388, 0.0613592, -0.5460972 
-0.0598314, -0.0054795, -0.6893004, -0.0920388, 0.0613592, -0.5460972 
-0.0593302, -0.0044843, -0.6855146, -0.0859029, 0.0674952, -0.5583690 
-0.0589812, -0.0003044, -0.6698461, -0.0859029, 0.0674952, -0.5460972 
-0.0589812, -0.0003044, -0.6698461, -0.0859029, 0.0674952, -0.5460972 
-0.0589812, -0.0003044, -0.6698461, -0.0859029, 0.0674952, -0.5460972 
-0.0538360, 0.0011350, -0.6477816, -0.0920388, 0.0613592, -0.5460972 
-0.0437824, -0.0079247, -0.6325901, -0.0920388, 0.0613592, -0.5460972 
-0.0437824, -0.0079247, -0.6325901, -0.0920388, 0.0613592, -0.5460972 
-0.0454106, -0.0032570, -0.6214579, -0.0859029, 0.0736311, -0.5460972 
-0.0400915, -0.0079235, -0.6080043, -0.0859029, 0.0613592, -0.5460972 
-0.0410953, -0.0004553, -0.5862267, -0.0859029, 0.0613592, -0.5460972 
-0.0410953, -0.0004553, -0.5862267, -0.0859029, 0.0613592, -0.5460972 
-0.0387733, -0.0030677, -0.5757549, -0.0859029, 0.0613592, -0.5460972 
-0.0451933, 0.0069551, -0.5697151, -0.0859029, 0.0613592, -0.5460972 
-0.0323026, -0.0104075, -0.5516549, -0.0859029, 0.0613592, -0.5460972 
-0.0398192, 0.0002483, -0.5449001, -0.0859029, 0.0613592, -0.5460972 
-0.0351233, -0.0074870, -0.5316101, -0.0859029, 0.0613592, -0.5460972 
-0.0419629, 0.0012890, -0.5248807, -0.0859029, 0.0613592, -0.5460972 
-0.0388385, -0.0034487, -0.5118184, -0.0859029, 0.0613592, -0.4663302 
-0.0406323, -0.0034495, -0.5018268, -0.0859029, 0.0613592, -0.4663302 
-0.0414053, -0.0037890, -0.4851737, -0.0674952, 0.0613592, -0.5460972 
-0.0414053, -0.0037890, -0.4851737, -0.0674952, 0.0613592, -0.5460972 
-0.0476578, 0.0036439, -0.4587304, -0.0859029, 0.0613592, -0.5460972 
-0.0476578, 0.0036439, -0.4587304, -0.0859029, 0.0613592, -0.5460972 
-0.0476578, 0.0036439, -0.4587304, -0.0859029, 0.0613592, -0.5460972 
-0.0463381, 0.0017672, -0.4268674, -0.0859029, 0.0613592, -0.5399612 
-0.0418306, -0.0030780, -0.4105866, -0.0859029, 0.0613592, -0.5399612 
-0.0465734, 0.0023719, -0.3881049, -0.0859029, 0.0613592, -0.5399612 
-0.0441330, -0.0008134, -0.3726653, -0.0859029, 0.0613592, -0.5399612 
-0.0450433, -0.0018449, -0.3565714, -0.0920388, 0.0736311, -0.5399612 
-0.0470135, -0.0000818, -0.3415167, -0.0920388, 0.0736311, -0.5399612 
-0.0470135, -0.0000818, -0.3415167, -0.0920388, 0.0736311, -0.5399612 
-0.0483388, -0.0021002, -0.3086572, -0.0920388, 0.0613592, -0.5154175 
-0.0483388, -0.0021002, -0.3086572, -0.0920388, 0.0613592, -0.5154175 
-0.0499528, -0.0004538, -0.2923095, -0.0859029, 0.0613592, -0.4663302 
-0.0521894, 0.0028401, -0.2664117, -0.0859029, 0.0613592, -0.4663302 
-0.0521894, 0.0028401, -0.2664117, -0.0859029, 0.0613592, -0.4663302 
-0.0521894, 0.0028401, -0.2664117, -0.0552233, 0.0613592, -0.3804272 
-0.0554364, 0.0068293, -0.2259312, -0.0552233, 0.0613592, -0.3804272 
-0.0540339, 0.0043581, -0.1827111, -0.0920388, 0.0613592, -0.3436117 
-0.0454816, -0.0090868, -0.1593390, -0.0920388, 0.0613592, -0.3436117 
-0.0454816, -0.0090868, -0.1593390, -0.0920388, 0.0613592, -0.3129321 
-0.0501899, -0.0002875, -0.1382414, -0.0920388, 0.0613592, -0.3129321 
-0.0512257, 0.0014276, -0.1273007, -0.0920388, 0.0552233, -0.2945243 
-0.0432390, -0.0058248, -0.0845464, -0.0859029, 0.0613592, -0.2822525 
-0.0432390, -0.0058248, -0.0845464, -0.0859029, 0.0613592, -0.2822525 
-0.0488127, 0.0007834, -0.0643784, -0.0859029, 0.0613592, -0.2822525 
-0.0445393, -0.0072305, -0.0440686, -0.0920388, 0.0736311, -0.2638447 
-0.0518482, 0.0012202, -0.0133364, -0.0859029, 0.0736311, -0.2393010 
-0.0518482, 0.0012202, -0.0133364, -0.0859029, 0.0736311, -0.2393010 
-0.0518482, 0.0012202, -0.0133364, -0.0859029, 0.0736311, -0.2393010 
-0.0503481, -0.0015518, 0.0216213, -0.0859029, 0.0613592, -0.2147573 
-0.0503481, -0.0015518, 0.0216213, -0.0859029, 0.0613592, -0.2147573 
-0.0470606, -0.0003253, 0.0546277, -0.0859029, 0.0613592, -0.1533981 
-0.0470606, -0.0003253, 0.0546277, -0.0859029, 0.0613592, -0.1533981 
-0.0457744, -0.0017274, 0.0893837, -0.0859029, 0.0920388, -0.1165825 
-0.0457744, -0.0017274, 0.0893837, -0.0920388, 0.0613592, -0.0859029 
-0.0438581, 0.0014170, 0.1073860, -0.0920388, 0.0613592, -0.0859029 
-0.0455824, 0.0079517, 0.1244622, -0.0859029, 0.0613592, -0.0674952 
-0.0443509, -0.0023470, 0.1376010, -0.0859029, 0.0613592, -0.0490874 
-0.0409700, -0.0034586, 0.1765641, -0.0859029, 0.0613592, -0.0490874 
-0.0409700, -0.0034586, 0.1765641, -0.0859029, 0.0613592, -0.0490874 
-0.0448765, -0.0004947, 0.2208578, -0.0859029, 0.0613592, -0.0368155 
-0.0441731, 0.0024733, 0.2424738, -0.0859029, 0.0613592, -0.0368155 
-0.0455029, 0.0049183, 0.2624076, -0.0920388, 0.0552233, 0.0245437 
-0.0455029, 0.0049183, 0.2624076, -0.0920388, 0.0552233, 0.0245437 
-0.0412859, -0.0010165, 0.2933614, -0.0859029, 0.0736311, 0.0797670 
-0.0412859, -0.0010165, 0.2933614, -0.0859029, 0.0736311, 0.0797670 
-0.0412859, -0.0010165, 0.2933614, -0.0859029, 0.0736311, 0.0797670 
-0.0464533, 0.0059190, 0.3407710, -0.0859029, 0.0613592, 0.1227185 
-0.0464533, 0.0059190, 0.3407710, -0.0859029, 0.0613592, 0.1227185 
-0.0557859, 0.0116520, 0.4208881, -0.0859029, 0.0613592, 0.1779418 
-0.0557859, 0.0116520, 0.4208881, -0.0859029, 0.0613592, 0.1779418 
-0.0538155, 0.0111625, 0.4433087, -0.0920388, 0.0674952, 0.2270292 
-0.0547437, 0.0072025, 0.4813174, -0.0920388, 0.0674952, 0.2270292 
-0.0547437, 0.0072025, 0.4813174, -0.0920388, 0.0674952, 0.2270292 
-0.0517455, 0.0041429, 0.5065593, -0.0797670, 0.0797670, 0.2577088 
-0.0577979, 0.0046381, 0.5381341, -0.0920388, 0.0736311, 0.3006602 
-0.0603422, 0.0002097, 0.5904299, -0.0920388, 0.0736311, 0.3006602 
-0.0599882, 0.0002105, 0.6146569, -0.0859029, 0.0674952, 0.3497476 
-0.0599882, 0.0002105, 0.6146569, -0.0920388, 0.0797670, 0.3804272 
-0.0599882, 0.0002105, 0.6146569, -0.0920388, 0.0797670, 0.3804272 
-0.0634878, 0.0050908, 0.6412151, -0.0920388, 0.0797670, 0.3804272 
-0.0691139, 0.0045072, 0.6782346, -0.0859029, 0.0613592, 0.5092816 
-0.0691139, 0.0045072, 0.6782346, -0.0859029, 0.0613592, 0.5092816 
-0.0658432, 0.0111000, 0.7126957, -0.0859029, 0.0613592, 0.5460972 
-0.0658432, 0.0111000, 0.7126957, -0.0859029, 0.0613592, 0.5460972 
-0.0722109, 0.0117075, 0.7485865, -0.0859029, 0.0613592, 0.5460972 
-0.0765743, 0.0099818, 0.7642487, -0.0859029, 0.0859029, 0.5460972 
-0.0806942, 0.0052354, 0.7759506, -0.0859029, 0.0859029, 0.5460972 
-0.0749341, 0.0115824, 0.7812925, -0.0859029, 0.0859029, 0.5460972 
-0.0801796, 0.0028942, 0.7894254, -0.0920388, 0.0859029, 0.5583690 
-0.0816087, 0.0051871, 0.8019038, -0.0859029, 0.0736311, 0.5890486 
-0.0861546, -0.0015588, 0.8201935, -0.0859029, 0.0736311, 0.6197283 
-0.0861546, -0.0015588, 0.8201935, -0.0859029, 0.0736311, 0.6197283 
-0.0842597, -0.0039840, 0.8323376, -0.0859029, 0.0736311, 0.6381360 
-0.0842597, -0.0039840, 0.8323376, -0.0859029, 0.0674952, 0.6381360 
-0.0935914, -0.0110835, 0.8486580, -0.0859029, 0.0674952, 0.6381360 
-0.0935914, -0.0110835, 0.8486580, -0.0859029, 0.0674952, 0.6442719 
-0.0901744, -0.0092378, 0.8621867, -0.0859029, 0.0674952, 0.6442719 
-0.0901744, -0.0092378, 0.8621867, -0.0859029, 0.0613592, 0.6504079 
-0.0916197, -0.0158430, 0.8728186, -0.0859029, 0.0613592, 0.6504079 
-0.0916197, -0.0158430, 0.8728186, -0.0859029, 0.0613592, 0.6504079 
-0.0988756, -0.0225264, 0.8829381, -0.0859029, 0.0552233, 0.6872234 
-0.1026087, -0.0260955, 0.8951066, -0.0859029, 0.0552233, 0.6872234 
-0.0987274, -0.0286555, 0.8939288, 0.0000000, 0.0552233, 0.6933593 
-0.0987274, -0.0286555, 0.8939288, 0.0000000, 0.0552233, 0.6933593 
-0.1034618, -0.0297607, 0.9058258, 0.0000000, 0.0552233, 0.6933593 
-0.1009393, -0.0310066, 0.9069541, -0.0920388, 0.0552233, 0.6810875 
-0.1031919, -0.0390117, 0.9085705, -0.0920388, 0.0552233, 0.6810875 
-0.1074299, -0.0430015, 0.9194161, -0.0920388, 0.0306796, 0.7179030 
-0.1074299, -0.0430015, 0.9194161, -0.0920388, 0.0306796, 0.7179030 
-0.1074299, -0.0430015, 0.9194161, -0.0920388, 0.0306796, 0.7179030 
-0.1121041, -0.0490279, 0.9312418, -0.0920388, 0.0306796, 0.7179030 
-0.1121041, -0.0490279, 0.9312418, -0.0920388, 0.0306796, 0.7179030 
-0.1121041, -0.0490279, 0.9312418, -0.0920388, 0.0306796, 0.7179030 
-0.1180517, -0.0554555, 0.9377524, -0.0920388, 0.0306796, 0.7179030 
-0.1180517, -0.0554555, 0.9377524, -0.0920388, 0.0122718, 0.7240390 
-0.1237821, -0.0590196, 0.9476612, -0.0920388, 0.0122718, 0.7240390 
-0.1237821, -0.0590196, 0.9476612, -0.0920388, 0.0061359, 0.7301748 
-0.1261928, -0.0618813, 0.9473913, -0.0920388, 0.0061359, 0.7301748 
-0.1277688, -0.0638602, 0.9482318, -0.0920388, 0.0061359, 0.7301748 
-0.1305770, -0.0661329, 0.9505691, -0.0736311, 0.0061359, 0.7301748 
-0.1308055, -0.0640687, 0.9538901, -0.0920388, 0.0061359, 0.7485826 
-0.1301004, -0.0614900, 0.9566855, -0.0920388, 0.0061359, 0.7485826 
-0.1290568, -0.0600104, 0.9570127, -0.0920388, 0.0061359, 0.7301748 
-0.1281842, -0.0584818, 0.9587118, -0.0920388, 0.0061359, 0.7301748 
-0.1278392, -0.0589846, 0.9582453, -0.0920388, 0.0122718, 0.7301748 
-0.1310709, -0.0630218, 0.9585047, -0.0920388, 0.0122718, 0.7301748 
-0.1293842, -0.0610326, 0.9581509, -0.0920388, 0.0122718, 0.7301748 
-0.1293842, -0.0610326, 0.9581509, -0.0920388, 0.0122718, 0.7301748 
-0.1314502, -0.0642584, 0.9583603, -0.0920388, 0.0061359, 0.7301748 
-0.1314502, -0.0642584, 0.9583603, -0.0920388, 0.0061359, 0.7301748 
-0.1319639, -0.0657952, 0.9580416, -0.0920388, 0.0061359, 0.7301748 
-0.1320329, -0.0660168, 0.9582134, -0.0920388, 0.0061359, 0.7301748 
-0.1322700, -0.0658359, 0.9593457, -0.0920388, 0.0061359, 0.7363108 
-0.1313007, -0.0646079, 0.9593869, -0.0859029, 0.0061359, 0.7301748 
-0.1313007, -0.0646079, 0.9593869, -0.0920388, 0.0061359, 0.7301748 
-0.1301685, -0.0631093, 0.9589520, -0.0920388, 0.0061359, 0.7301748 
-0.1301685, -0.0631093, 0.9589520, -0.0920388, 0.0061359, 0.7363108 
-0.1299800, -0.0625552, 0.9589736, -0.0920388, 0.0061359, 0.7363108 
-0.1285986, -0.0618809, 0.9574433, -0.0920388, 0.0061359, 0.7363108 
-0.1285986, -0.0618809, 0.9574433, -0.0920388, 0.0061359, 0.7363108 
-0.1285986, -0.0618809, 0.9574433, -0.0859029, 0.0061359, 0.7363108 
-0.1327515, -0.0672683, 0.9582390, -0.0859029, 0.0061359, 0.7363108 
-0.1335988, -0.0690856, 0.9576875, -0.0920388, 0.0122718, 0.7363108 
-0.1335988, -0.0690856, 0.9576875, -0.0920388, 0.0061359, 0.7363108 
-0.1365383, -0.0737191, 0.9584997, -0.0920388, 0.0061359, 0.7363108 
-0.1365383, -0.0737191, 0.9584997, -0.0920388, 0.0061359, 0.6872234 
-0.1373335, -0.0755499, 0.9581796, -0.0920388, 0.0061359, 0.6872234 
-0.1336204, -0.0719816, 0.9544548, -0.0920388, 0.0061359, 0.6872234 
-0.1327346, -0.0708227, 0.9540888, -0.0920388, 0.0061359, 0.7424467 
-0.1327346, -0.0708227, 0.9540888, -0.0920388, 0.0061359, 0.7424467 
-0.1310145, -0.0690385, 0.9534677, -0.0920388, 0.0061359, 0.7424467 
-0.1310145, -0.0690385, 0.9534677, -0.0920388, 0.0061359, 0.7424467 
-0.1304154, -0.0690610, 0.9519892, -0.0920388, 0.0061359, 0.7424467 
-0.1278994, -0.0653363, 0.9522494, -0.0920388, 0.0061359, 0.7424467 
-0.1277957, -0.0662087, 0.9508646, -0.1165825, 0.0061359, 0.7424467 
-0.1275763, -0.0662594, 0.9502514, -0.1165825, 0.0061359, 0.7424467 
-0.1273171, -0.0667028, 0.9496402, -0.1349903, 0.0061359, 0.7424467 
-0.1309639, -0.0687838, 0.9520177, -0.1349903, 0.0061359, 0.7424467 
-0.1315801, -0.0703521, 0.9512450, -0.0920388, 0.0061359, 0.7485826 
-0.1310457, -0.0704497, 0.9494659, -0.0920388, 0.0061359, 0.7485826 
-0.1329296, -0.0725951, 0.9487059, -0.0920388, 0.0061359, 0.7424467 
-0.1329296, -0.0725951, 0.9487059, -0.0859029, 0.0061359, 0.7547185 
-0.1269222, -0.0688365, 0.9422457, -0.0859029, 0.0061359, 0.7547185 
-0.1266251, -0.0692338, 0.9401293, -0.0920388, 0.0061359, 0.7485826 
-0.1252950, -0.0679850, 0.9386059, -0.0920388, 0.0061359, 0.7485826 
-0.1249862, -0.0677405, 0.9378521, -0.0920388, 0.0061359, 0.7424467 
-0.1229770, -0.0661070, 0.9366958, -0.0920388, 0.0061359, 0.7424467 
-0.1237046, -0.0665483, 0.9355589, -0.0859029, 0.0061359, 0.7424467 
-0.1266984, -0.0691372, 0.9361494, -0.0859029, 0.0061359, 0.7424467 
-0.1275791, -0.0697942, 0.9357297, -0.0920388, -0.0061359, 0.7424467 
-0.1275791, -0.0697942, 0.9357297, -0.0920388, -0.0061359, 0.7424467 
-0.1275791, -0.0697942, 0.9357297, -0.0920388, -0.0061359, 0.7485826 
-0.1280769, -0.0693830, 0.9355436, -0.0920388, 0.0061359, 0.7485826 
-0.1280769, -0.0693830, 0.9355436, -0.0920388, 0.0061359, 0.7485826 
-0.1272945, -0.0671461, 0.9352280, -0.0920388, -0.0061359, 0.7485826 
-0.1272945, -0.0671461, 0.9352280, -0.0920388, -0.0061359, 0.7485826 
-0.1210764, -0.0619660, 0.9291918, -0.0920388, -0.0122718, 0.7485826 
-0.1197080, -0.0614464, 0.9260017, -0.0920388, -0.0122718, 0.7485826 
-0.1236507, -0.0678142, 0.9201992, -0.0920388, -0.0061359, 0.7485826 
-0.1283935, -0.0713494, 0.9200847, -0.0859029, 0.0061359, 0.7485826 
-0.1283935, -0.0713494, 0.9200847, -0.0859029, 0.0061359, 0.7485826 
-0.1304904, -0.0727158, 0.9195626, -0.0920388, -0.0061359, 0.7424467 
-0.1286327, -0.0683525, 0.9172872, -0.0920388, -0.0061359, 0.7424467 
-0.1278936, -0.0672062, 0.9147231, -0.0920388, -0.0061359, 0.7485826 
-0.1255052, -0.0638231, 0.9117612, -0.0859029, -0.0061359, 0.7485826 
-0.1296598, -0.0676737, 0.9104969, -0.0859029, -0.0061359, 0.7485826 
-0.1296598, -0.0676737, 0.9104969, -0.0920388, -0.0061359, 0.7608545 
-0.1375934, -0.0762051, 0.9077001, -0.0920388, -0.0061359, 0.7608545 
-0.1375934, -0.0762051, 0.9077001, -0.0920388, -0.0061359, 0.7608545 
-0.1375934, -0.0762051, 0.9077001, -0.0920388, -0.0061359, 0.7608545 
-0.1340065, -0.0754454, 0.8989537, -0.0920388, -0.1840777, 0.7608545 
-0.1338123, -0.0761695, 0.8918002, -0.0920388, 0.0000000, 0.7608545 
-0.1338123, -0.0761695, 0.8918002, -0.0920388, 0.0000000, 0.7608545 
-0.1377781, -0.0782794, 0.8916444, -0.0859029, 0.0061359, 0.5522331 
-0.1304504, -0.0710853, 0.8811219, -0.0859029, 0.0061359, 0.7669904 
-0.1304504, -0.0710853, 0.8811219, -0.0859029, 0.0061359, 0.7669904 
-0.1339622, -0.0744170, 0.8800566, -0.0859029, -0.0061359, 0.7669904 
-0.1324994, -0.0745291, 0.8671111, -0.0859029, -0.0061359, 0.7669904 
-0.1324994, -0.0745291, 0.8671111, -0.0859029, -0.0061359, 0.7669904 
-0.1336673, -0.0757117, 0.8607641, -0.0859029, -0.0061359, 0.7608545 
-0.1342749, -0.0768397, 0.8543980, -0.0859029, -0.0061359, 0.7608545 
-0.1378593, -0.0769635, 0.8525800, -0.0920388, 0.1472622, 0.7608545 
-0.1374580, -0.0766169, 0.8398999, -0.0920388, 0.1472622, 0.7608545 
-0.1374580, -0.0766169, 0.8398999, -0.0920388, -0.0061359, 0.7608545 
-0.1374580, -0.0766169, 0.8398999, -0.0920388, -0.0061359, 0.7608545 
-0.1376485, -0.0771467, 0.8337279, -0.0920388, 0.0245437, 0.7608545 
-0.1376485, -0.0771467, 0.8337279, -0.0920388, 0.0245437, 0.7608545 
-0.1428930, -0.0781089, 0.8297822, -0.0920388, 0.0061359, 0.7669904 
-0.1350886, -0.0762178, 0.8144345, -0.0920388, -0.0061359, 0.7608545 
-0.1350886, -0.0762178, 0.8144345, -0.0920388, -0.0061359, 0.7608545 
-0.1376642, -0.0724532, 0.8100625, -0.0859029, -0.0122718, 0.7669904 
-0.1321791, -0.0702683, 0.8023829, -0.0920388, -0.0061359, 0.7608545 
-0.1321791, -0.0702683, 0.8023829, -0.0920388, -0.0061359, 0.7608545 
-0.1378412, -0.0746253, 0.7975725, -0.0920388, -0.0061359, 0.7608545 
-0.1315567, -0.0712156, 0.7880939, -0.0920388, -0.0429515, 0.7669904 
-0.1295903, -0.0633668, 0.7731685, -0.0859029, -0.0061359, 0.7608545 
-0.1295903, -0.0633668, 0.7731685, -0.0859029, -0.0061359, 0.7608545 
-0.1295903, -0.0633668, 0.7731685, -0.0859029, -0.0061359, 0.7608545 
-0.1317350, -0.0566428, 0.7502225, -0.0859029, -0.0061359, 0.7608545 
-0.1317350, -0.0566428, 0.7502225, -0.0859029, -0.0061359, 0.7608545 
-0.1317350, -0.0566428, 0.7502225, -0.0859029, -0.0061359, 0.7608545 
-0.1322658, -0.0568569, 0.7343316, -0.0920388, 0.0122718, 0.7669904 
-0.1322658, -0.0568569, 0.7343316, -0.0920388, 0.0122718, 0.7669904 
-0.1240621, -0.0462103, 0.7104537, -0.0859029, 0.0184078, 0.7608545 
-0.1245298, -0.0384121, 0.7038390, -0.0859029, 0.0184078, 0.7608545 
-0.1231564, -0.0369142, 0.6794543, -0.0859029, 0.0245437, 0.7608545 
-0.1231564, -0.0369142, 0.6794543, -0.0859029, 0.0245437, 0.7608545 
-0.1279252, -0.0370540, 0.6660529, -0.0859029, 0.0306796, 0.7608545 
-0.1279252, -0.0370540, 0.6660529, -0.0920388, 0.0306796, 0.7608545 
-0.1267141, -0.0319066, 0.6533568, -0.0920388, 0.0306796, 0.7608545 
-0.1231052, -0.0320271, 0.6364800, -0.0920388, 0.0306796, 0.7608545 
-0.1214691, -0.0255114, 0.6246653, -0.0920388, 0.0306796, 0.7608545 
-0.1195959, -0.0247102, 0.6106486, -0.0920388, 0.0368155, 0.7608545 
-0.1195959, -0.0247102, 0.6106486, -0.0920388, 0.0368155, 0.7608545 
-0.1152940, -0.0190412, 0.5821467, -0.0920388, 0.0552233, 0.7424467 
-0.1107908, -0.0141118, 0.5576790, -0.0920388, 0.0552233, 0.9265244 
-0.1107908, -0.0141118, 0.5576790, -0.0920388, 0.0552233, 0.9265244 
-0.1107908, -0.0141118, 0.5576790, -0.0920388, 0.0552233, 0.9265244 
-0.1117733, -0.0070148, 0.5312316, -0.0920388, 0.0552233, 0.9265244 
-0.1113450, -0.0057000, 0.5149647, -0.0920388, 0.0552233, 0.6994953 
-0.1109664, -0.0045537, 0.4991553, -0.0920388, 0.0552233, 0.6565438 
-0.1136520, -0.0074585, 0.4699612, -0.0920388, 0.0674952, 0.6013204 
-0.1136520, -0.0074585, 0.4699612, -0.0920388, 0.0674952, 0.6013204 
-0.1090311, -0.0041200, 0.4593821, -0.0920388, 0.0674952, 0.6013204 
-0.1097998, -0.0071353, 0.4446929, -0.0859029, 0.0674952, 0.5645049 
-0.1104910, -0.0014883, 0.4304760, -0.0859029, 0.0674952, 0.5645049 
-0.1041376, -0.0064396, 0.3916699, -0.1043107, 0.0613592, 0.5460972 
-0.1041376, -0.0064396, 0.3916699, -0.1043107, 0.0613592, 0.5460972 
-0.1041376, -0.0064396, 0.3916699, -0.0920388, 0.0613592, 0.5460972 
-0.1063684, -0.0012992, 0.3786176, -0.0920388, 0.0613592, 0.5460972 
-0.1096777, -0.0095406, 0.3509730, -0.1043107, 0.0613592, 0.5460972 
-0.1096777, -0.0095406, 0.3509730, -0.1043107, 0.0613592, 0.5460972 
-0.1010599, -0.0058228, 0.3248583, -0.0859029, 0.0613592, 0.5276894 
-0.1010599, -0.0058228, 0.3248583, -0.0859029, 0.0613592, 0.5276894 
-0.0995073, -0.0068541, 0.2817466, -0.0613592, 0.0613592, 0.5031457 
-0.0995073, -0.0068541, 0.2817466, -0.0920388, 0.0613592, 0.4724661 
-0.0924351, -0.0080857, 0.2537147, -0.0920388, 0.0613592, 0.4724661 
-0.0924351, -0.0080857, 0.2537147, -0.0859029, 0.0613592, 0.4479224 
-0.0915633, -0.0067877, 0.2408217, -0.0859029, 0.0613592, 0.4479224 
-0.0943982, 0.0011811, 0.2230276, -0.0920388, 0.0613592, 0.4049709 
-0.0943982, 0.0011811, 0.2230276, -0.0859029, 0.0613592, 0.3865632 
-0.0894959, 0.0050213, 0.1948482, -0.0859029, 0.0613592, 0.3865632 
-0.0894959, 0.0050213, 0.1948482, -0.0920388, 0.0613592, 0.3681554 
-0.0878491, 0.0091808, 0.1815835, -0.0920388, 0.0613592, 0.3681554 
-0.0878491, 0.0091808, 0.1815835, -0.0920388, 0.0613592, 0.3681554 
-0.0773030, 0.0026522, 0.1515397, -0.0920388, 0.0613592, 0.3681554 
-0.0796476, 0.0134171, 0.1318675, -0.0920388, 0.0736311, 0.3558835 
-0.0796476, 0.0134171, 0.1318675, -0.0920388, 0.0736311, 0.3558835 
-0.0796476, 0.0134171, 0.1318675, -0.0920388, 0.0674952, 0.3313398 
-0.0738564, 0.0230212, 0.0855062, -0.0920388, 0.0859029, 0.3006602 
-0.0738564, 0.0230212, 0.0855062, -0.0920388, 0.0859029, 0.3006602 
-0.0706566, 0.0203298, 0.0691346, -0.0920388, 0.0859029, 0.3006602 
-0.0719031, 0.0259194, 0.0554978, -0.0920388, 0.0859029, 0.2454369 
-0.0702929, 0.0294773, 0.0402322, -0.0920388, 0.0859029, 0.2454369 
-0.0656259, 0.0316057, 0.0158520, -0.0920388, 0.0859029, 0.2454369 
-0.0656259, 0.0316057, 0.0158520, -0.0920388, 0.0981748, 0.2024855 
-0.0623885, 0.0288512, -0.0008037, -0.0920388, 0.0981748, 0.2024855 
-0.0681078, 0.0435826, -0.0273372, -0.0920388, 0.0981748, 0.2024855 
-0.0681078, 0.0435826, -0.0273372, -0.0920388, 0.0981748, 0.1043107 
-0.0681078, 0.0435826, -0.0273372, -0.0859029, 0.0981748, 0.1718058 
-0.0572703, 0.0350962, -0.0573930, -0.0920388, 0.0981748, 0.1411262 
-0.0581651, 0.0370841, -0.0771592, -0.0920388, 0.0981748, 0.1411262 
-0.0581651, 0.0370841, -0.0771592, -0.0920388, 0.0981748, 0.1411262 
-0.0581651, 0.0370841, -0.0771592, -0.0920388, 0.0981748, 0.1288544 
-0.0620568, 0.0486930, -0.0939967, -0.0920388, 0.0981748, 0.0736311 
-0.0539710, 0.0440348, -0.1119358, -0.0920388, 0.1043107, 0.0981748 
-0.0483554, 0.0367119, -0.1198175, -0.0920388, 0.1043107, 0.0981748 
-0.0483554, 0.0367119, -0.1198175, -0.0920388, 0.1227185, 0.0920388 
-0.0471282, 0.0360870, -0.1282193, -0.0920388, 0.1227185, 0.0920388 
-0.0477318, 0.0415751, -0.1333183, -0.0920388, 0.1165825, 0.0797670 
-0.0471545, 0.0428693, -0.1385706, -0.0920388, 0.1165825, 0.0797670 
-0.0465323, 0.0408938, -0.1406682, -0.0920388, 0.0981748, 0.0306796 
-0.0447573, 0.0408352, -0.1548430, -0.0920388, 0.0981748, 0.0122718 
-0.0447573, 0.0408352, -0.1548430, -0.0920388, 0.0981748, 0.0122718 
-0.0465274, 0.0435052, -0.1557720, -0.0920388, 0.0920388, 0.0000000 
-0.0395781, 0.0332437, -0.1587794, -0.0920388, 0.0920388, 0.0000000 
-0.0477327, 0.0419935, -0.1673845, -0.0920388, 0.1043107, 0.0000000 
-0.0477327, 0.0419935, -0.1673845, -0.0920388, 0.1043107, 0.0000000 
-0.0405344, 0.0359163, -0.1750405, -0.0920388, 0.1043107, 0.0000000 
-0.0402247, 0.0347899, -0.1761777, -0.0920388, 0.0981748, -0.0061359 
-0.0380964, 0.0301239, -0.1807625, -0.0920388, 0.0981748, -0.0061359 
-0.0380964, 0.0301239, -0.1807625, -0.0920388, 0.0981748, 0.0000000 
-0.0395821, 0.0330329, -0.1834741, -0.0920388, 0.0981748, 0.0000000 
-0.0385312, 0.0338655, -0.1868827, -0.0920388, 0.0981748, -0.0184078 
-0.0385312, 0.0338655, -0.1868827, -0.0920388, 0.0981748, -0.0184078 
-0.0382683, 0.0348794, -0.1871455, -0.0920388, 0.0981748, -0.0184078 
-0.0386233, 0.0357000, -0.1870305, -0.0920388, 0.0981748, -0.0184078 
-0.0378971, 0.0355919, -0.1867168, -0.0920388, 0.0981748, -0.0184078 
-0.0389668, 0.0376709, -0.1854448, -0.0920388, 0.0981748, -0.1533981 
-0.0389668, 0.0376709, -0.1854448, -0.0920388, 0.0981748, -0.1533981 
-0.0389668, 0.0376709, -0.1854448, -0.0920388, 0.0981748, -0.1533981 
-0.0360617, 0.0334606, -0.1839515, -0.0920388, 0.0981748, -0.0184078 
-0.0360617, 0.0334606, -0.1839515, -0.0920388, 0.0981748, -0.0184078 
-0.0338723, 0.0295897, -0.1806719, -0.0920388, 0.0981748, -0.0184078 
-0.0344173, 0.0283508, -0.1784176, -0.1165825, 0.0981748, -0.0184078 
-0.0332422, 0.0260982, -0.1764167, -0.1165825, 0.0981748, -0.0184078 
-0.0332422, 0.0260982, -0.1764167, -0.1165825, 0.0981748, -0.0184078 
-0.0379816, 0.0303544, -0.1733080, -0.0920388, 0.0981748, -0.0184078 
-0.0379816, 0.0303544, -0.1733080, -0.0920388, 0.0920388, -0.0184078 
-0.0401552, 0.0315102, -0.1714692, -0.0920388, 0.0920388, -0.0184078 
-0.0407089, 0.0326509, -0.1697548, -0.0920388, 0.0920388, -0.0184078 
-0.0371016, 0.0269358, -0.1686948, -0.0920388, 0.0981748, -0.0184078 
-0.0370141, 0.0270994, -0.1692134, -0.0920388, 0.0981748, -0.0184078 
-0.0348400, 0.0234426, -0.1678202, -0.0920388, 0.0981748, -0.0184078 
-0.0329181, 0.0219829, -0.1676295, -0.0920388, 0.0981748, -0.0122718 
-0.0326097, 0.0226564, -0.1666862, -0.0920388, 0.0981748, -0.0122718 
-0.0338080, 0.0246769, -0.1669101, -0.0920388, 0.0981748, -0.0122718 
-0.0354699, 0.0266605, -0.1662589, -0.0920388, 0.0797670, -0.0245437 
-0.0354699, 0.0266605, -0.1662589, -0.0920388, 0.0736311, -0.0245437 
-0.0388709, 0.0302316, -0.1647176, -0.0920388, 0.0736311, -0.0245437 
-0.0388709, 0.0302316, -0.1647176, -0.0920388, 0.0736311, -0.0245437 
-0.0382140, 0.0292871, -0.1639865, -0.0920388, 0.0981748, -0.0245437 
-0.0384248, 0.0291339, -0.1634942, -0.0920388, 0.1043107, -0.0245437 
-0.0384248, 0.0291339, -0.1634942, -0.0920388, 0.1043107, -0.0245437 
-0.0391790, 0.0306423, -0.1621835, -0.0920388, 0.0981748, -0.0245437 
-0.0402523, 0.0321318, -0.1614407, -0.0920388, 0.1104466, -0.0245437 
-0.0402523, 0.0321318, -0.1614407, -0.0920388, 0.1104466, -0.0245437 
-0.0363491, 0.0263843, -0.1593992, -0.0920388, 0.0981748, -0.0245437 
-0.0359129, 0.0260719, -0.1594759, -0.0920388, 0.0981748, -0.0245437 
-0.0359129, 0.0260719, -0.1594759, -0.0920388, 0.0981748, -0.0245437 
-0.0336496, 0.0230191, -0.1589348, -0.0920388, 0.0981748, -0.0245437 
-0.0337802, 0.0231904, -0.1583862, -0.0920388, 0.0981748, -0.0245437 
-0.0355606, 0.0262167, -0.1581470, -0.0920388, 0.0859029, -0.0245437 
-0.0355606, 0.0262167, -0.1581470, -0.0920388, 0.0981748, -0.0245437 
-0.0336940, 0.0219567, -0.1568918, -0.0920388, 0.0981748, -0.0245437 
-0.0336940, 0.0219567, -0.1568918, -0.0920388, 0.0981748, -0.0245437 
-0.0376967, 0.0286234, -0.1559500, -0.0920388, 0.0981748, -0.0245437 
-0.0376967, 0.0286234, -0.1559500, -0.0920388, 0.0981748, -0.0245437 
-0.0423256, 0.0345435, -0.1536663, -0.0920388, 0.0981748, -0.0245437 
-0.0423256, 0.0345435, -0.1536663, -0.0920388, 0.0981748, -0.0245437 
-0.0408275, 0.0332067, -0.1522178, -0.0920388, 0.0981748, -0.0245437 
-0.0389095, 0.0296529, -0.1510669, -0.0920388, 0.0981748, -0.0245437 
-0.0389095, 0.0296529, -0.1510669, -0.0920388, 0.0981748, -0.0245437 
-0.0389877, 0.0293129, -0.1504112, -0.0920388, 0.0981748, -0.0245437 
-0.0391532, 0.0269433, -0.1499456, -0.0920388, 0.0981748, -0.0245437 
-0.0391532, 0.0285512, -0.1499456, -0.0920388, 0.0981748, -0.0245437 
-0.0381629, 0.0271579, -0.1485946, -0.0920388, 0.0981748, -0.0245437 
-0.0374253, 0.0270173, -0.1476494, -0.0920388, 0.0981748, -0.0245437 
-0.0374253, 0.0270173, -0.1476494, -0.0920388, 0.0981748, -0.0184078 
-0.0407502, 0.0323309, -0.1471388, -0.0920388, 0.0981748, -0.0184078 
-0.0407502, 0.0323309, -0.1471388, -0.0920388, 0.0981748, -0.0245437 
-0.0407502, 0.0323309, -0.1471388, -0.0920388, 0.0981748, -0.0245437 
-0.0408941, 0.0330367, -0.1446768, -0.0920388, 0.0981748, -0.0245437 
-0.0412405, 0.0334159, -0.1417496, -0.0920388, 0.0981748, 0.0122718 
-0.0412405, 0.0334159, -0.1417496, -0.0920388, 0.0981748, 0.0122718 
-0.0408481, 0.0323584, -0.1411962, -0.0920388, 0.0981748, 0.0122718 
-0.0397256, 0.0299446, -0.1406045, -0.0920388, 0.0859029, -0.0368155 
-0.0397256, 0.0299446, -0.1406045, -0.0920388, 0.0859029, -0.0368155 
-0.0412021, 0.0310423, -0.1398696, -0.0920388, 0.0981748, -0.0368155 
-0.0412021, 0.0310423, -0.1398696, -0.0920388, 0.0981748, -0.0368155 
-0.0416187, 0.0300522, -0.1401992, -0.0920388, 0.0981748, -0.0368155 
-0.0420185, 0.0301459, -0.1403099, -0.0920388, 0.0981748, -0.0184078 
-0.0420185, 0.0301459, -0.1403099, -0.0920388, 0.0981748, -0.0184078 
-0.0411756, 0.0283538, -0.1401624, -0.0920388, 0.1043107, -0.0368155 
-0.0400706, 0.0260145, -0.1402336, -0.0920388, 0.0981748, -0.0368155 
-0.0400706, 0.0260145, -0.1402336, -0.0920388, 0.0981748, -0.0490874 
-0.0400706, 0.0260145, -0.1402336, -0.0920388, 0.0981748, -0.0490874 
-0.0381111, 0.0228883, -0.1405995, -0.0920388, 0.0859029, -0.0368155 
-0.0356143, 0.0190357, -0.1400491, -0.0920388, 0.0859029, -0.0368155 
-0.0356143, 0.0190357, -0.1400491, -0.0920388, 0.0859029, -0.0368155 
-0.0346067, 0.0165208, -0.1392403, -0.0920388, 0.0859029, -0.0368155 
-0.0346061, 0.0163979, -0.1392880, -0.0920388, 0.0797670, -0.0368155 
-0.0346061, 0.0163979, -0.1392880, -0.0920388, 0.0859029, -0.0368155 
-0.0360182, 0.0181222, -0.1394112, -0.0920388, 0.0859029, -0.0368155 
-0.0364869, 0.0187699, -0.1397305, -0.0920388, 0.0859029, -0.0368155 
-0.0368044, 0.0185904, -0.1395078, -0.0920388, 0.0859029, -0.0552233 
-0.0345057, 0.0152306, -0.1390444, -0.0920388, 0.0859029, -0.0368155 
-0.0367213, 0.0181395, -0.1392619, -0.0920388, 0.0859029, -0.0368155 
-0.0340668, 0.0143989, -0.1389935, -0.0920388, 0.0859029, -0.0368155 
-0.0362032, 0.0165321, -0.1386061, -0.0920388, 0.0797670, -0.